  CTDPRS  CTDTMP  CTDSAL  CTDOXY  CHLPIG BEAM.AT   XMISS  NUMBER   QUALT1
    DBAR  ITS-90  PSS-78  uMOL/L    uG/L     1/M       %     OBS.       *
 ******* ******* ******* ******* ******* ******* *******                *
     2.0  26.421  34.925  212.08  0.0936  0.2880  93.055      18  2222222
     3.0  26.422  34.925  211.48  0.0862  0.2915  92.973     152  2222222
     4.0  26.422  34.925  211.45  0.0922  0.2856  93.110     159  2222222
     5.0  26.423  34.925  211.55  0.1098  0.2848  93.129     101  2222222
     6.0  26.423  34.925  210.52  0.0936  0.2866  93.085      38  2222222
     7.0  26.424  34.925  210.61  0.0868  0.2845  93.136      88  2222222
     8.0  26.427  34.925  210.89  0.0910  0.2829  93.173      69  2222222
     9.0  26.428  34.925  210.96  0.0923  0.2821  93.190      99  2222222
    10.0  26.428  34.925  211.39  0.0936  0.2831  93.169      23  2222222
    11.0  26.427  34.925  211.43  0.0854  0.2817  93.200      38  2222222
    12.0  26.427  34.925  211.19  0.0901  0.2819  93.196      90  2222222
    13.0  26.426  34.925  211.08  0.0905  0.2809  93.219      95  2222222
    14.0  26.426  34.925  211.42  0.0903  0.2810  93.216      90  2222222
    15.0  26.427  34.925  211.67  0.0913  0.2812  93.211      29  2222222
    16.0  26.413  34.925  211.78  0.0889  0.2809  93.218      49  2222222
    17.0  26.420  34.925  211.23  0.0891  0.2812  93.211     119  2222222
    18.0  26.420  34.925  211.11  0.0919  0.2811  93.215      41  2222222
    19.0  26.409  34.924  211.17  0.0936  0.2818  93.199      96  2222222
    20.0  26.411  34.924  211.24  0.0936  0.2805  93.229      39  2222222
    21.0  26.404  34.925  210.70  0.0936  0.2817  93.201      82  2222222
    22.0  26.404  34.925  210.78  0.0936  0.2806  93.226      67  2222222
    23.0  26.396  34.925  211.36  0.0895  0.2824  93.184      72  2222222
    24.0  26.376  34.926  211.06  0.0936  0.2834  93.160      48  2222222
    25.0  26.373  34.925  211.56  0.0964  0.2831  93.167      92  2222222
    26.0  26.348  34.927  211.22  0.0945  0.2834  93.160      39  2222222
    27.0  26.344  34.927  211.36  0.0985  0.2837  93.153     115  2222222
    28.0  26.346  34.927  211.35  0.1028  0.2844  93.139      34  2222222
    29.0  26.350  34.927  211.58  0.0936  0.2840  93.147      56  2222222
    30.0  26.343  34.927  211.68  0.1016  0.2846  93.133     130  2222222
    31.0  26.331  34.928  210.66  0.1052  0.2854  93.114      37  2222222
    32.0  26.330  34.927  211.28  0.0975  0.2853  93.117      39  2222222
    33.0  26.328  34.927  211.34  0.1073  0.2857  93.106     111  2222222
    34.0  26.325  34.927  211.46  0.1091  0.2857  93.107      82  2222222
    35.0  26.321  34.927  212.17  0.1052  0.2863  93.093      48  2222222
    36.0  26.319  34.926  211.65  0.1052  0.2860  93.101      66  2222222
    37.0  26.316  34.926  211.51  0.1110  0.2855  93.111      75  2222222
    38.0  26.308  34.926  211.80  0.1078  0.2857  93.107      53  2222222
    39.0  26.290  34.924  212.59  0.1129  0.2855  93.111     118  2222222
    40.0  26.163  34.915  216.53  0.1097  0.2847  93.131      49  2222222
    41.0  25.986  34.906  218.94  0.1052  0.2865  93.090      41  2222222
    42.0  25.742  34.918  219.32  0.1307  0.2922  92.956      84  2222222
    43.0  25.687  34.922  219.20  0.1395  0.2911  92.981      93  2222222
    44.0  25.531  34.930  219.45  0.1370  0.2904  92.997      44  2222222
    45.0  25.490  34.928  220.33  0.1363  0.2895  93.020     129  2222222
    46.0  25.392  34.943  221.75  0.1323  0.2901  93.006      38  2222222
    47.0  25.342  34.949  221.82  0.1395  0.2904  92.999      65  2222222
    48.0  25.283  34.954  221.85  0.1424  0.2960  92.869     123  2222222
    49.0  25.094  34.962  223.32  0.1399  0.2889  93.034      22  2222222
    50.0  25.057  34.964  223.24  0.1399  0.2852  93.118      27  2222222
    51.0  25.053  34.961  222.82  0.1456  0.2848  93.127     152  2222222
    52.0  24.977  34.963  223.03  0.1444  0.2850  93.123      33  2222222
    53.0  24.952  34.964  222.82  0.1567  0.2845  93.135     119  2222222
    54.0  24.908  34.967  223.38  0.1581  0.2841  93.145      35  2222222
    55.0  24.868  34.974  223.32  0.1547  0.2853  93.118      50  2222222
    56.0  24.862  34.973  223.58  0.1666  0.2842  93.141     154  2222222
    57.0  24.799  34.978  223.68  0.1630  0.2837  93.153      29  2222222
    58.0  24.728  34.982  224.00  0.1630  0.2835  93.157      29  2222222
    59.0  24.690  34.982  223.81  0.1829  0.2835  93.159     150  2222222
    60.0  24.618  34.979  223.25  0.1874  0.2836  93.157      34  2222222
    61.0  24.579  34.980  224.48  0.1794  0.2846  93.132      42  2222222
    62.0  24.503  34.984  224.29  0.1935  0.2842  93.142      90  2222222
    63.0  24.442  34.989  223.69  0.1937  0.2819  93.196     104  2222222
    64.0  24.377  34.996  222.56  0.1861  0.2801  93.237      32  2222222
    65.0  24.355  34.995  223.49  0.1861  0.2799  93.241      35  2222222
    66.0  24.349  34.996  222.69  0.2008  0.2799  93.243     132  2222222
    67.0  24.291  35.003  222.76  0.1976  0.2794  93.253      48  2222222
    68.0  24.274  35.005  222.39  0.2173  0.2800  93.241      90  2222222
    69.0  24.259  35.007  222.20  0.2121  0.2799  93.243      68  2222222
    70.0  24.238  35.013  221.89  0.2233  0.2788  93.269      67  2222222
    71.0  24.189  35.026  221.47  0.2196  0.2769  93.312      57  2222222
    72.0  24.178  35.029  221.34  0.2363  0.2762  93.328      84  2222222
    73.0  24.172  35.029  221.41  0.2323  0.2761  93.331      70  2222222
    74.0  24.170  35.029  221.25  0.2431  0.2763  93.327      96  2222222
    75.0  24.063  35.036  218.86  0.2254  0.2756  93.342      44  2222222
    76.0  23.954  35.043  219.93  0.2243  0.2753  93.348      62  2222222
    77.0  23.937  35.043  218.97  0.2513  0.2756  93.341      96  2222222
    78.0  23.900  35.044  219.75  0.2437  0.2741  93.376      51  2222222
    79.0  23.874  35.045  218.85  0.2586  0.2738  93.383      98  2222222
    80.0  23.838  35.047  218.47  0.2778  0.2729  93.405     108  2222222
    81.0  23.798  35.053  217.98  0.2695  0.2728  93.407      41  2222222
    82.0  23.716  35.061  216.48  0.2478  0.2721  93.424      29  2222222
    83.0  23.625  35.066  216.90  0.2651  0.2702  93.468     138  2222222
    84.0  23.527  35.073  216.25  0.2575  0.2696  93.483      51  2222222
    85.0  23.489  35.075  215.37  0.2848  0.2691  93.494      67  2222222
    86.0  23.445  35.077  215.22  0.2760  0.2695  93.485      56  2222222
    87.0  23.435  35.077  215.56  0.3050  0.2698  93.478      80  2222222
    88.0  23.417  35.076  214.86  0.3020  0.2695  93.485     135  2222222
    89.0  23.412  35.076  215.43  0.2874  0.2689  93.501      32  2222222
    90.0  23.404  35.075  214.95  0.2695  0.2687  93.504      27  2222222
    91.0  23.361  35.076  214.44  0.2922  0.2691  93.494      53  2222222
    92.0  23.347  35.078  214.17  0.3163  0.2696  93.482     141  2222222
    93.0  23.284  35.085  214.48  0.2990  0.2687  93.504      45  2222222
    94.0  23.276  35.086  214.09  0.3429  0.2690  93.497      82  2222222
    95.0  23.235  35.089  213.35  0.3277  0.2688  93.501      48  2222222
    96.0  23.212  35.092  213.89  0.3567  0.2688  93.503      87  2222222
    97.0  23.180  35.096  212.71  0.3449  0.2683  93.513      48  2222222
    98.0  23.173  35.096  213.49  0.3618  0.2683  93.514     108  2222222
    99.0  23.117  35.102  212.45  0.3511  0.2688  93.503      55  2222222
   100.0  23.081  35.104  212.52  0.4106  0.2695  93.484      74  2222222
   101.0  22.992  35.112  210.10  0.3897  0.2704  93.463      41  2222222
   102.0  22.940  35.117  211.36  0.4483  0.2745  93.368     127  2222222
   103.0  22.898  35.122  210.72  0.4871  0.2749  93.358      32  2222222
   104.0  22.849  35.132  210.48  0.5465  0.2779  93.289      42  2222222
   105.0  22.838  35.135  210.71  0.7195  0.2805  93.228     142  2222222
   106.0  22.827  35.137  211.77  0.7384  0.2799  93.242      58  2222222
   107.0  22.815  35.140  211.72  0.6822  0.2795  93.252      32  2222222
   108.0  22.795  35.141  210.45  0.6790  0.2805  93.229      38  2222222
   109.0  22.783  35.141  210.08  0.7648  0.2805  93.229     151  2222222
   110.0  22.764  35.141  209.27  0.7113  0.2802  93.236      39  2222222
   111.0  22.702  35.140  208.30  0.7270  0.2802  93.235      63  2222222
   112.0  22.682  35.138  207.40  0.7972  0.2806  93.227      77  2222222
   113.0  22.624  35.139  206.96  0.7141  0.2802  93.236      47  2222222
   114.0  22.589  35.141  206.67  0.7584  0.2797  93.246     131  2222222
   115.0  22.490  35.146  204.28  0.6873  0.2802  93.235      44  2222222
   116.0  22.411  35.137  202.69  0.6568  0.2793  93.257      38  2222222
   117.0  22.384  35.133  203.01  0.6941  0.2777  93.293     139  2222222
   118.0  22.373  35.132  202.44  0.6630  0.2779  93.288      53  2222222
   119.0  22.350  35.133  202.18  0.6241  0.2751  93.353      45  2222222
   120.0  22.322  35.132  202.39  0.6223  0.2732  93.398      63  2222222
   121.0  22.292  35.131  201.49  0.6219  0.2718  93.430      83  2222222
   122.0  22.259  35.128  201.00  0.6122  0.2712  93.444      82  2222222
   123.0  22.170  35.121  200.22  0.5428  0.2703  93.466      75  2222222
   124.0  22.143  35.118  200.00  0.5532  0.2694  93.487      68  2222222
   125.0  22.063  35.109  198.87  0.4915  0.2678  93.524      29  2222222
   126.0  22.054  35.108  198.70  0.4939  0.2664  93.557     141  2222222
   127.0  22.026  35.104  198.63  0.4945  0.2665  93.555      34  2222222
   128.0  22.006  35.102  198.75  0.4598  0.2658  93.572      43  2222222
   129.0  21.976  35.099  198.03  0.5122  0.2656  93.575     129  2222222
   130.0  21.913  35.096  198.08  0.4811  0.2662  93.561      51  2222222
   131.0  21.876  35.101  198.31  0.4272  0.2631  93.633      26  2222222
   132.0  21.865  35.107  199.12  0.4146  0.2622  93.656     140  2222222
   133.0  21.832  35.126  201.59  0.4286  0.2623  93.653      30  2222222
   134.0  21.824  35.138  201.98  0.3831  0.2614  93.672      35  2222222
   135.0  21.824  35.138  202.32  0.4190  0.2619  93.662     142  2222222
   136.0  21.818  35.145  203.59  0.3944  0.2605  93.694      52  2222222
   137.0  21.801  35.156  204.99  0.3693  0.2606  93.691      35  2222222
   138.0  21.791  35.160  204.92  0.3715  0.2597  93.715     145  2222222
   139.0  21.758  35.166  206.47  0.3550  0.2593  93.723      32  2222222
   140.0  21.736  35.170  206.96  0.3397  0.2594  93.722      29  2222222
   141.0  21.733  35.170  206.33  0.3527  0.2593  93.724     153  2222222
   142.0  21.708  35.172  206.90  0.3583  0.2593  93.725      45  2222222
   143.0  21.690  35.174  207.28  0.3283  0.2589  93.733      28  2222222
   144.0  21.667  35.175  207.81  0.3563  0.2586  93.740     108  2222222
   145.0  21.653  35.174  207.33  0.3454  0.2586  93.740      44  2222222
   146.0  21.626  35.174  207.20  0.3583  0.2606  93.693     110  2222222
   147.0  21.605  35.173  207.30  0.3508  0.2587  93.737      42  2222222
   148.0  21.508  35.171  206.86  0.3334  0.2577  93.760      46  2222222
   149.0  21.462  35.171  206.57  0.3487  0.2569  93.780      56  2222222
   150.0  21.438  35.169  206.14  0.3290  0.2561  93.797      32  2222222
   151.0  21.397  35.167  205.52  0.3140  0.2567  93.785      35  2222222
   152.0  21.375  35.166  206.07  0.3444  0.2560  93.801     103  2222222
   153.0  21.269  35.159  205.99  0.3229  0.2560  93.799      34  2222222
   154.0  21.180  35.160  207.02  0.2943  0.2555  93.811      21  2222222
   155.0  21.137  35.159  207.35  0.2888  0.2550  93.823      19  2222222
   156.0  21.100  35.162  207.37  0.2752  0.2550  93.824      18  2222222
   157.0  21.080  35.162  207.10  0.2621  0.2549  93.827      19  2222222
   158.0  21.060  35.162  206.28  0.2642  0.2541  93.845      29  2222222
   159.0  21.028  35.161  207.17  0.2966  0.2541  93.846      84  2222222
   160.0  20.991  35.159  207.20  0.3052  0.2541  93.845      38  2222222
   161.0  20.897  35.161  207.98  0.2788  0.2533  93.865      30  2222222
   162.0  20.850  35.160  208.74  0.2646  0.2528  93.875      31  2222222
   163.0  20.820  35.161  208.70  0.2554  0.2523  93.886      23  2222222
   164.0  20.798  35.160  208.23  0.2381  0.2520  93.894      22  2222222
   165.0  20.763  35.160  207.67  0.2196  0.2520  93.895      21  2222222
   166.0  20.732  35.162  208.28  0.2124  0.2515  93.907      35  2222222
   167.0  20.713  35.161  208.93  0.2292  0.2512  93.913      63  2222222
   168.0  20.666  35.158  209.19  0.2384  0.2510  93.916      23  2222222
   169.0  20.613  35.160  210.05  0.1976  0.2500  93.941      19  2222222
   170.0  20.588  35.164  210.31  0.1792  0.2508  93.922      22  2222222
   171.0  20.555  35.164  210.52  0.1745  0.2490  93.966      32  2222222
   172.0  20.496  35.168  211.19  0.1918  0.2488  93.972      60  2222222
   173.0  20.459  35.168  212.61  0.1861  0.2482  93.985      24  2222222
   174.0  20.439  35.167  212.33  0.1514  0.2479  93.990      16  2222222
   175.0  20.424  35.165  212.00  0.1432  0.2476  93.998      14  2222222
   176.0  20.399  35.159  212.18  0.1399  0.2469  94.014      14  2222222
   177.0  20.298  35.150  212.40  0.1290  0.2476  93.998      17  2222222
   178.0  20.193  35.145  211.53  0.1210  0.2475  93.999      25  2222222
   179.0  20.038  35.128  210.30  0.1405  0.2491  93.964      60  2222222
   180.0  19.926  35.110  211.01  0.1395  0.2462  94.031      28  2222222
   181.0  19.900  35.114  212.00  0.1284  0.2458  94.039      22  2222222
   182.0  19.909  35.119  212.23  0.1076  0.2458  94.040      19  2222222
   183.0  19.913  35.120  212.12  0.1052  0.2458  94.039      20  2222222
   184.0  19.917  35.123  212.64  0.1010  0.2455  94.046      22  2222222
   185.0  19.911  35.129  213.57  0.0936  0.2456  94.045      28  2222222
   186.0  19.837  35.125  213.28  0.0933  0.2451  94.057      31  2222222
   187.0  19.783  35.119  212.84  0.0787  0.2441  94.080      27  2222222
   188.0  19.716  35.112  213.15  0.0785  0.2442  94.078      26  2222222
   189.0  19.639  35.105  212.78  0.0737  0.2436  94.093      26  2222222
   190.0  19.590  35.101  212.71  0.0702  0.2441  94.080      32  2222222
   191.0  19.559  35.098  212.97  0.0706  0.2429  94.108      45  2222222
   192.0  19.528  35.094  213.10  0.0706  0.2432  94.102      32  2222222
   193.0  19.504  35.091  212.85  0.0706  0.2433  94.100      29  2222222
   194.0  19.477  35.089  212.90  0.0706  0.2432  94.102      30  2222222
   195.0  19.452  35.084  213.73  0.0706  0.2434  94.096      30  2222222
   196.0  19.365  35.076  212.98  0.0643  0.2438  94.087      26  2222222
   197.0  19.319  35.062  212.86  0.0590  0.2440  94.082      23  2222222
   198.0  19.185  35.054  213.39  0.0590  0.2429  94.109      24  2222222
   199.0  19.152  35.048  213.05  0.0590  0.2426  94.115      27  2222222
   200.0  19.131  35.043  212.47  0.0590  0.2424  94.120      34  2222222
   201.0  19.113  35.038  211.62  0.0659  0.2422  94.124      42  2222222
   202.0  19.089  35.031  211.54  0.0590  0.2419  94.133      41  2222222
   203.0  19.041  35.021  210.57  0.0590  0.2419  94.133      34  2222222
   204.0  19.024  35.016  210.73  0.0590  0.2419  94.133      26  2222222
   205.0  19.013  35.015  211.08  0.0590  0.2423  94.122      20  2222222
   206.0  19.003  35.013  211.05  0.0590  0.2423  94.122      19  2222222
   207.0  18.987  35.010  210.52  0.0590  0.2425  94.117      21  2222222
   208.0  18.941  35.006  210.57  0.0590  0.2419  94.133      24  2222222
   209.0  18.881  35.002  210.87  0.0590  0.2419  94.131      33  2222222
   210.0  18.845  34.997  211.24  0.0590  0.2426  94.115      44  2222222
   211.0  18.812  34.993  211.33  0.0587  0.2421  94.127      31  2222222
   212.0  18.769  34.986  211.68  0.0590  0.2426  94.115      24  2222222
   213.0  18.734  34.983  211.21  0.0500  0.2422  94.125      19  2222222
   214.0  18.691  34.974  210.43  0.0530  0.2418  94.135      21  2222222
   215.0  18.586  34.959  209.83  0.0590  0.2417  94.136      22  2222222
   216.0  18.520  34.955  210.00  0.0563  0.2419  94.131      25  2222222
   217.0  18.484  34.952  210.61  0.0502  0.2417  94.137      25  2222222
   218.0  18.473  34.949  211.82  0.0590  0.2418  94.135      25  2222222
   219.0  18.417  34.937  212.28  0.0590  0.2421  94.126      21  2222222
   220.0  18.321  34.914  211.40  0.0590  0.2419  94.132      20  2222222
   221.0  18.215  34.899  210.66  0.0590  0.2424  94.119      22  2222222
   222.0  18.113  34.876  209.10  0.0673  0.2424  94.119      28  2222222
   223.0  18.022  34.855  205.99  0.0703  0.2423  94.122      42  2222222
   224.0  17.886  34.828  203.03  0.0706  0.2422  94.124      34  2222222
   225.0  17.812  34.807  201.25  0.0612  0.2416  94.138      27  2222222
   226.0  17.735  34.790  199.68  0.0590  0.2416  94.139      22  2222222
   227.0  17.668  34.774  198.25  0.0514  0.2412  94.148      21  2222222
   228.0  17.571  34.748  196.73  0.0475  0.2411  94.150      21  2222222
   229.0  17.453  34.723  195.84  0.0475  0.2405  94.164      18  2222222
   230.0  17.397  34.719  196.14  0.0475  0.2410  94.153      20  2222222
   231.0  17.362  34.719  197.35  0.0475  0.2405  94.164      26  2222222
   232.0  17.296  34.716  198.38  0.0472  0.2405  94.163      37  2222222
   233.0  17.208  34.713  199.59  0.0475  0.2402  94.172      42  2222222
   234.0  17.170  34.710  200.05  0.0475  0.2397  94.183      31  2222222
   235.0  17.162  34.708  199.75  0.0475  0.2397  94.182      24  2222222
   236.0  17.157  34.707  199.88  0.0480  0.2395  94.187      24  2222222
   237.0  17.155  34.706  199.78  0.0577  0.2397  94.184      27  2222222
   238.0  17.121  34.696  199.22  0.0475  0.2409  94.156      27  2222222
   239.0  16.988  34.680  199.42  0.0475  0.2407  94.158      27  2222222
   240.0  16.885  34.672  200.64  0.0475  0.2396  94.186      25  2222222
   241.0  16.777  34.669  202.32  0.0475  0.2397  94.184      23  2222222
   242.0  16.744  34.685  203.55  0.0475  0.2397  94.183      20  2222222
   243.0  16.740  34.686  203.91  0.0574  0.2402  94.170      22  2222222
   244.0  16.739  34.686  203.81  0.0590  0.2400  94.177      28  2222222
   245.0  16.739  34.685  202.72  0.0524  0.2400  94.175      45  2222222
   246.0  16.734  34.684  202.60  0.0581  0.2399  94.177      38  2222222
   247.0  16.723  34.683  203.30  0.0492  0.2401  94.173      27  2222222
   248.0  16.706  34.681  204.07  0.0590  0.2400  94.176      24  2222222
   249.0  16.692  34.681  204.32  0.0590  0.2400  94.176      24  2222222
   250.0  16.680  34.680  204.82  0.0586  0.2402  94.170      25  2222222
   251.0  16.674  34.681  204.56  0.0475  0.2403  94.168      24  2222222
   252.0  16.663  34.679  206.03  0.0586  0.2402  94.172      23  2222222
   253.0  16.517  34.671  209.08  0.0491  0.2400  94.175      21  2222222
   254.0  16.511  34.693  211.59  0.0547  0.2400  94.176      21  2222222
   255.0  16.512  34.696  213.19  0.0590  0.2401  94.174      27  2222222
   256.0  16.461  34.690  213.44  0.0590  0.2399  94.177      41  2222222
   257.0  16.414  34.683  213.39  0.0590  0.2398  94.180      45  2222222
   258.0  16.393  34.694  216.07  0.0590  0.2401  94.174      29  2222222
   259.0  16.404  34.700  216.67  0.0590  0.2412  94.149      22  2222222
   260.0  16.354  34.691  216.86  0.0590  0.2403  94.168      21  2222222
   261.0  16.335  34.691  216.57  0.0590  0.2404  94.167      22  2222222
   262.0  16.306  34.687  216.57  0.0659  0.2405  94.165      25  2222222
   263.0  16.149  34.670  216.34  0.0617  0.2403  94.168      39  2222222
   264.0  16.076  34.659  215.18  0.0590  0.2402  94.171      35  2222222
   265.0  16.005  34.644  213.63  0.0590  0.2399  94.178      24  2222222
   266.0  15.966  34.637  213.07  0.0590  0.2401  94.172      20  2222222
   267.0  15.953  34.633  212.71  0.0590  0.2397  94.184      19  2222222
   268.0  15.939  34.629  212.31  0.0590  0.2395  94.188      21  2222222
   269.0  15.908  34.621  211.73  0.0497  0.2395  94.188      26  2222222
   270.0  15.867  34.615  211.71  0.0578  0.2396  94.186      48  2222222
   271.0  15.804  34.605  211.75  0.0587  0.2395  94.187      43  2222222
   272.0  15.739  34.596  212.22  0.0590  0.2393  94.192      26  2222222
   273.0  15.655  34.582  211.85  0.0561  0.2396  94.186      20  2222222
   274.0  15.554  34.573  211.11  0.0475  0.2396  94.185      18  2222222
   275.0  15.481  34.562  210.51  0.0475  0.2396  94.187      19  2222222
   276.0  15.430  34.555  209.83  0.0475  0.2401  94.174      21  2222222
   277.0  15.403  34.551  209.32  0.0475  0.2392  94.196      30  2222222
   278.0  15.374  34.543  209.50  0.0508  0.2392  94.197      49  2222222
   279.0  15.310  34.532  209.78  0.0509  0.2389  94.203      34  2222222
   280.0  15.207  34.521  209.58  0.0475  0.2395  94.189      24  2222222
   281.0  15.173  34.515  208.88  0.0475  0.2393  94.194      21  2222222
   282.0  15.119  34.504  208.37  0.0475  0.2389  94.203      19  2222222
   283.0  15.058  34.496  207.90  0.0464  0.2391  94.199      21  2222222
   284.0  14.994  34.489  208.04  0.0475  0.2396  94.185      26  2222222
   285.0  14.885  34.478  208.24  0.0472  0.2397  94.184      36  2222222
   286.0  14.841  34.472  208.10  0.0475  0.2389  94.203      38  2222222
   287.0  14.828  34.469  207.88  0.0471  0.2382  94.220      30  2222222
   288.0  14.810  34.465  207.56  0.0475  0.2385  94.213      26  2222222
   289.0  14.783  34.462  206.97  0.0475  0.2387  94.207      26  2222222
   290.0  14.772  34.461  207.77  0.0475  0.2389  94.202      28  2222222
   291.0  14.792  34.481  211.24  0.0475  0.2385  94.213      30  2222222
   292.0  14.769  34.478  212.05  0.0475  0.2385  94.212      25  2222222
   293.0  14.707  34.467  210.82  0.0475  0.2387  94.208      23  2222222
   294.0  14.604  34.450  209.25  0.0465  0.2385  94.211      23  2222222
   295.0  14.524  34.440  207.60  0.0475  0.2386  94.211      31  2222222
   296.0  14.488  34.434  206.75  0.0475  0.2384  94.215      47  2222222
   297.0  14.431  34.421  206.40  0.0471  0.2381  94.222      34  2222222
   298.0  14.390  34.416  205.77  0.0475  0.2382  94.220      22  2222222
   299.0  14.369  34.411  206.03  0.0475  0.2378  94.227      18  2222222
   300.0  14.341  34.410  206.74  0.0475  0.2384  94.214      16  2222222
   301.0  14.343  34.412  206.87  0.0475  0.2380  94.224      20  2222222
   302.0  14.337  34.411  206.91  0.0475  0.2385  94.213      32  2222222
   303.0  14.324  34.409  206.58  0.0475  0.2383  94.218      48  2222222
   304.0  14.262  34.402  206.99  0.0467  0.2385  94.213      31  2222222
   305.0  14.193  34.392  207.23  0.0475  0.2378  94.228      27  2222222
   306.0  14.137  34.387  206.25  0.0467  0.2377  94.231      29  2222222
   307.0  14.118  34.383  206.58  0.0475  0.2374  94.236      40  2222222
   308.0  14.075  34.376  206.87  0.0472  0.2374  94.237      35  2222222
   309.0  14.002  34.366  207.30  0.0475  0.2376  94.232      22  2222222
   310.0  13.904  34.359  208.02  0.0475  0.2384  94.215      17  2222222
   311.0  13.880  34.362  208.46  0.0475  0.2375  94.235      18  2222222
   312.0  13.881  34.362  208.25  0.0475  0.2376  94.233      20  2222222
   313.0  13.869  34.359  207.88  0.0475  0.2375  94.235      27  2222222
   314.0  13.796  34.352  208.62  0.0475  0.2373  94.239      45  2222222
   315.0  13.751  34.347  208.45  0.0475  0.2373  94.239      32  2222222
   316.0  13.702  34.342  208.27  0.0475  0.2375  94.235      27  2222222
   317.0  13.672  34.338  208.35  0.0471  0.2374  94.237      28  2222222
   318.0  13.657  34.336  208.66  0.0475  0.2374  94.238      32  2222222
   319.0  13.636  34.332  207.56  0.0475  0.2376  94.231      31  2222222
   320.0  13.536  34.320  207.94  0.0475  0.2373  94.239      27  2222222
   321.0  13.457  34.314  207.19  0.0475  0.2373  94.240      25  2222222
   322.0  13.368  34.309  205.77  0.0470  0.2373  94.239      24  2222222
   323.0  13.314  34.305  204.67  0.0475  0.2374  94.237      21  2222222
   324.0  13.289  34.304  203.98  0.0475  0.2368  94.251      22  2222222
   325.0  13.274  34.303  203.51  0.0470  0.2366  94.257      27  2222222
   326.0  13.259  34.301  203.60  0.0472  0.2369  94.249      47  2222222
   327.0  13.250  34.300  203.50  0.0472  0.2367  94.255      45  2222222
   328.0  13.209  34.295  203.71  0.0475  0.2365  94.258      27  2222222
   329.0  13.159  34.292  203.60  0.0465  0.2365  94.258      23  2222222
   330.0  13.117  34.289  203.10  0.0475  0.2366  94.256      22  2222222
   331.0  13.092  34.288  202.72  0.0475  0.2364  94.260      24  2222222
   332.0  13.066  34.286  202.64  0.0475  0.2364  94.260      27  2222222
   333.0  13.050  34.285  202.55  0.0470  0.2364  94.261      25  2222222
   334.0  12.987  34.280  202.70  0.0475  0.2364  94.260      24  2222222
   335.0  12.929  34.278  202.56  0.0475  0.2366  94.256      23  2222222
   336.0  12.850  34.271  202.23  0.0475  0.2367  94.253      26  2222222
   337.0  12.719  34.261  201.54  0.0475  0.2367  94.255      34  2222222
   338.0  12.660  34.259  200.62  0.0473  0.2363  94.263      49  2222222
   339.0  12.652  34.257  200.49  0.0475  0.2362  94.266      33  2222222
   340.0  12.639  34.254  200.96  0.0475  0.2364  94.261      23  2222222
   341.0  12.602  34.250  200.76  0.0469  0.2364  94.261      22  2222222
   342.0  12.563  34.246  200.51  0.0465  0.2366  94.256      22  2222222
   343.0  12.453  34.238  199.60  0.0475  0.2372  94.241      25  2222222
   344.0  12.365  34.233  198.51  0.0470  0.2367  94.254      27  2222222
   345.0  12.312  34.232  198.41  0.0475  0.2371  94.244      26  2222222
   346.0  12.307  34.230  198.07  0.0470  0.2365  94.259      25  2222222
   347.0  12.305  34.229  197.89  0.0475  0.2365  94.259      30  2222222
   348.0  12.305  34.229  198.00  0.0467  0.2360  94.271      31  2222222
   349.0  12.304  34.228  198.29  0.0471  0.2358  94.276      31  2222222
   350.0  12.302  34.227  198.12  0.0471  0.2363  94.263      30  2222222
   351.0  12.258  34.222  198.00  0.0475  0.2364  94.261      30  2222222
   352.0  12.188  34.219  197.81  0.0475  0.2365  94.259      27  2222222
   353.0  12.129  34.216  198.00  0.0470  0.2364  94.261      25  2222222
   354.0  12.118  34.216  197.73  0.0475  0.2365  94.259      27  2222222
   355.0  12.109  34.215  197.35  0.0475  0.2360  94.270      27  2222222
   356.0  12.094  34.213  196.87  0.0470  0.2366  94.256      27  2222222
   357.0  12.074  34.212  196.75  0.0470  0.2365  94.258      26  2222222
   358.0  12.062  34.211  197.30  0.0470  0.2363  94.264      27  2222222
   359.0  12.041  34.209  197.25  0.0471  0.2362  94.265      31  2222222
   360.0  12.013  34.206  196.09  0.0475  0.2358  94.277      30  2222222
   361.0  11.901  34.198  195.80  0.0475  0.2364  94.262      26  2222222
   362.0  11.832  34.199  195.70  0.0475  0.2362  94.267      29  2222222
   363.0  11.814  34.197  195.69  0.0475  0.2362  94.266      39  2222222
   364.0  11.789  34.195  196.28  0.0475  0.2362  94.267      32  2222222
   365.0  11.770  34.194  196.49  0.0465  0.2359  94.275      22  2222222
   366.0  11.753  34.192  196.24  0.0475  0.2362  94.267      18  2222222
   367.0  11.733  34.192  195.93  0.0475  0.2362  94.266      20  2222222
   368.0  11.718  34.190  195.54  0.0475  0.2360  94.270      25  2222222
   369.0  11.694  34.189  195.29  0.0472  0.2363  94.263      44  2222222
   370.0  11.677  34.189  195.69  0.0472  0.2354  94.285      42  2222222
   371.0  11.652  34.186  196.48  0.0475  0.2358  94.276      23  2222222
   372.0  11.597  34.185  197.76  0.0468  0.2361  94.268      18  2222222
   373.0  11.569  34.187  198.40  0.0475  0.2362  94.267      18  2222222
   374.0  11.558  34.186  198.42  0.0475  0.2366  94.256      19  2222222
   375.0  11.553  34.187  198.36  0.0475  0.2360  94.270      22  2222222
   376.0  11.553  34.187  198.72  0.0475  0.2362  94.267      38  2222222
   377.0  11.544  34.187  200.37  0.0517  0.2355  94.284      70  2222222
   378.0  11.511  34.184  200.18  0.0471  0.2354  94.285      29  2222222
   379.0  11.467  34.183  200.65  0.0475  0.2356  94.281      21  2222222
   380.0  11.448  34.183  201.10  0.0475  0.2355  94.284      17  2222222
   381.0  11.432  34.183  201.60  0.0467  0.2355  94.283      16  2222222
   382.0  11.388  34.179  201.92  0.0475  0.2355  94.284      19  2222222
   383.0  11.329  34.180  201.95  0.0465  0.2357  94.278      25  2222222
   384.0  11.306  34.179  202.06  0.0468  0.2355  94.283      37  2222222
   385.0  11.280  34.177  201.71  0.0475  0.2355  94.284      38  2222222
   386.0  11.226  34.173  200.86  0.0549  0.2354  94.286      25  2222222
   387.0  11.188  34.173  200.30  0.0509  0.2351  94.293      24  2222222
   388.0  11.170  34.171  199.48  0.0471  0.2354  94.285      29  2222222
   389.0  11.138  34.169  198.43  0.0468  0.2357  94.278      36  2222222
   390.0  11.098  34.166  197.47  0.0467  0.2359  94.273      31  2222222
   391.0  11.076  34.164  196.00  0.0470  0.2360  94.272      26  2222222
   392.0  11.039  34.161  194.68  0.0475  0.2354  94.285      22  2222222
   393.0  11.009  34.160  193.95  0.0475  0.2354  94.285      23  2222222
   394.0  10.989  34.158  193.46  0.0500  0.2353  94.287      28  2222222
   395.0  10.967  34.156  192.98  0.0546  0.2353  94.289      31  2222222
   396.0  10.903  34.152  191.20  0.0471  0.2354  94.286      30  2222222
   397.0  10.860  34.151  188.79  0.0471  0.2354  94.286      33  2222222
   398.0  10.839  34.148  188.42  0.0552  0.2354  94.286      37  2222222
   399.0  10.793  34.147  187.56  0.0472  0.2352  94.290      36  2222222
   400.0  10.753  34.144  187.53  0.0470  0.2354  94.286      26  2222222
   401.0  10.706  34.143  187.47  0.0465  0.2354  94.286      22  2222222
   402.0  10.677  34.145  188.14  0.0469  0.2356  94.281      21  2222222
   403.0  10.672  34.145  188.78  0.0469  0.2355  94.282      21  2222222
   404.0  10.657  34.144  189.09  0.0496  0.2355  94.282      22  2222222
   405.0  10.639  34.145  189.85  0.0569  0.2354  94.285      26  2222222
   406.0  10.604  34.143  190.23  0.0475  0.2354  94.286      43  2222222
   407.0  10.564  34.139  188.56  0.0466  0.2353  94.287      43  2222222
   408.0  10.545  34.139  187.27  0.0470  0.2349  94.297      27  2222222
   409.0  10.509  34.137  186.55  0.0475  0.2354  94.286      22  2222222
   410.0  10.478  34.138  185.81  0.0469  0.2351  94.292      22  2222222
   411.0  10.471  34.138  185.15  0.0475  0.2351  94.292      25  2222222
   412.0  10.461  34.137  184.30  0.0475  0.2361  94.269      29  2222222
   413.0  10.446  34.136  184.00  0.0607  0.2354  94.285      34  2222222
   414.0  10.427  34.136  184.23  0.0605  0.2354  94.286      31  2222222
   415.0  10.412  34.135  183.96  0.0487  0.2350  94.295      28  2222222
   416.0  10.396  34.134  183.71  0.0580  0.2346  94.304      23  2222222
   417.0  10.379  34.132  183.62  0.0469  0.2350  94.296      22  2222222
   418.0  10.358  34.132  184.29  0.0475  0.2353  94.287      20  2222222
   419.0  10.316  34.130  185.44  0.0465  0.2354  94.287      25  2222222
   420.0  10.282  34.130  186.29  0.0470  0.2353  94.288      50  2222222
   421.0  10.271  34.129  185.26  0.0525  0.2344  94.307      55  2222222
   422.0  10.231  34.127  183.88  0.0557  0.2344  94.309      21  2222222
   423.0  10.192  34.127  182.34  0.0529  0.2345  94.306      17  2222222
   424.0  10.184  34.128  181.12  0.0475  0.2348  94.299      13  2222222
   425.0  10.171  34.125  180.11  0.0450  0.2352  94.289      14  2222222
   426.0  10.128  34.123  179.33  0.0461  0.2353  94.287      16  2222222
   427.0  10.107  34.125  179.53  0.0465  0.2356  94.280      23  2222222
   428.0  10.104  34.124  180.16  0.0467  0.2348  94.299      64  2222222
   429.0  10.076  34.123  179.74  0.0469  0.2348  94.298      43  2222222
   430.0  10.033  34.122  178.04  0.0586  0.2346  94.304      24  2222222
   431.0  10.003  34.121  177.11  0.0475  0.2346  94.304      19  2222222
   432.0   9.979  34.121  175.90  0.0475  0.2352  94.289      20  2222222
   433.0   9.961  34.121  174.52  0.0524  0.2354  94.286      26  2222222
   434.0   9.936  34.120  174.13  0.0511  0.2350  94.295      32  2222222
   435.0   9.915  34.120  174.24  0.0555  0.2349  94.297      33  2222222
   436.0   9.902  34.120  173.59  0.0493  0.2343  94.309      32  2222222
   437.0   9.891  34.120  173.13  0.0549  0.2351  94.292      25  2222222
   438.0   9.887  34.119  173.25  0.0465  0.2350  94.295      23  2222222
   439.0   9.881  34.119  173.36  0.0465  0.2350  94.294      23  2222222
   440.0   9.880  34.119  173.64  0.0460  0.2351  94.293      23  2222222
   441.0   9.878  34.119  173.31  0.0586  0.2348  94.299      25  2222222
   442.0   9.857  34.118  172.62  0.0574  0.2345  94.306      28  2222222
   443.0   9.830  34.118  171.58  0.0480  0.2346  94.304      54  2222222
   444.0   9.823  34.118  171.47  0.0590  0.2343  94.310      41  2222222
   445.0   9.816  34.118  171.56  0.0590  0.2344  94.308      23  2222222
   446.0   9.804  34.116  170.81  0.0584  0.2344  94.307      18  2222222
   447.0   9.716  34.113  170.00  0.0584  0.2353  94.287      18  2222222
   448.0   9.671  34.118  168.46  0.0590  0.2354  94.286      17  2222222
   449.0   9.651  34.118  166.57  0.0585  0.2352  94.290      19  2222222
   450.0   9.629  34.118  165.11  0.0590  0.2348  94.300      28  2222222
   451.0   9.615  34.118  164.67  0.0549  0.2351  94.292      77  2222222
   452.0   9.556  34.116  163.45  0.0587  0.2350  94.294      28  2222222
   453.0   9.506  34.118  161.93  0.0590  0.2345  94.306      19  2222222
   454.0   9.491  34.118  161.11  0.0590  0.2354  94.286      16  2222222
   455.0   9.484  34.118  160.59  0.0583  0.2354  94.286      15  2222222
   456.0   9.478  34.118  160.19  0.0577  0.2353  94.289      17  2222222
   457.0   9.464  34.116  159.34  0.0585  0.2353  94.288      21  2222222
   458.0   9.391  34.119  156.96  0.0590  0.2353  94.289      31  2222222
   459.0   9.381  34.119  155.53  0.0587  0.2350  94.295      62  2222222
   460.0   9.376  34.118  155.91  0.0587  0.2348  94.299      35  2222222
   461.0   9.320  34.115  157.23  0.0590  0.2345  94.305      23  2222222
   462.0   9.298  34.113  158.74  0.0590  0.2352  94.290      21  2222222
   463.0   9.240  34.111  159.06  0.0585  0.2352  94.290      19  2222222
   464.0   9.191  34.113  158.39  0.0580  0.2345  94.306      22  2222222
   465.0   9.160  34.112  156.85  0.0586  0.2346  94.304      27  2222222
   466.0   9.116  34.113  154.92  0.0587  0.2344  94.307      33  2222222
   467.0   9.096  34.114  152.94  0.0590  0.2345  94.307      34  2222222
   468.0   9.070  34.114  151.28  0.0587  0.2346  94.303      28  2222222
   469.0   9.043  34.116  149.22  0.0590  0.2352  94.291      24  2222222
   470.0   9.005  34.117  147.02  0.0590  0.2345  94.306      27  2222222
   471.0   8.980  34.118  146.11  0.0587  0.2349  94.297      32  2222222
   472.0   8.952  34.117  145.44  0.0590  0.2351  94.293      36  2222222
   473.0   8.881  34.117  143.72  0.0656  0.2371  94.244      30  2222222
   474.0   8.835  34.116  142.20  0.0595  0.2349  94.296      23  2222222
   475.0   8.804  34.120  140.81  0.0699  0.2346  94.303      18  2222222
   476.0   8.790  34.120  139.70  0.0612  0.2345  94.305      16  2222222
   477.0   8.769  34.119  139.10  0.0585  0.2345  94.305      19  2222222
   478.0   8.745  34.118  138.70  0.0608  0.2366  94.257      26  2222222
   479.0   8.734  34.117  139.33  0.0636  0.2354  94.285      66  2222222
   480.0   8.727  34.115  139.55  0.0611  0.2344  94.309      33  2222222
   481.0   8.701  34.113  139.52  0.0682  0.2344  94.308      24  2222222
   482.0   8.680  34.114  139.15  0.0674  0.2346  94.304      29  2222222
   483.0   8.671  34.115  137.81  0.0687  0.2345  94.306      36  2222222
   484.0   8.631  34.117  136.22  0.0609  0.2347  94.302      37  2222222
   485.0   8.610  34.117  134.81  0.0585  0.2347  94.302      39  2222222
   486.0   8.586  34.116  134.16  0.0587  0.2346  94.303      28  2222222
   487.0   8.566  34.115  134.17  0.0582  0.2345  94.307      28  2222222
   488.0   8.559  34.115  133.97  0.0661  0.2345  94.306      57  2222222
   489.0   8.550  34.115  133.68  0.0674  0.2344  94.308      59  2222222
   490.0   8.530  34.115  132.87  0.0639  0.2344  94.308      38  2222222
   491.0   8.500  34.116  131.41  0.0677  0.2347  94.302      62  2222222
   492.0   8.477  34.116  130.37  0.0612  0.2344  94.309      43  2222222
   493.0   8.456  34.116  130.04  0.0680  0.2344  94.308      46  2222222
   494.0   8.446  34.115  129.80  0.0657  0.2344  94.307      80  2222222
   495.0   8.423  34.116  128.80  0.0668  0.2344  94.307      46  2222222
   496.0   8.401  34.117  127.35  0.0660  0.2344  94.307      61  2222222
   497.0   8.394  34.116  127.04  0.0676  0.2342  94.312      55  2222222
   498.0   8.384  34.116  127.27  0.0611  0.2344  94.308      61  2222222
   499.0   8.380  34.116  126.77  0.0631  0.2343  94.309     194  2222222
   500.0   8.364  34.115  125.94  0.0648  0.2340  94.317     612  2222222
   501.0   8.357  34.115  125.55  0.0643  0.2338  94.321    1713  2222222
   502.0   8.352  34.115  125.27  0.0646  0.2338  94.322      56  2222222
