  CTDPRS  CTDTMP  CTDSAL  CTDOXY  CHLPIG BEAM.AT   XMISS  NUMBER   QUALT1
    DBAR  ITS-90  PSS-78  uMOL/L    uG/L     1/M       %     OBS.       *
 ******* ******* ******* ******* ******* ******* *******                *
     1.0  25.954  35.293  213.52  0.0738  0.3007  92.759      29  2222233
     2.0  25.953  35.293  213.12  0.0802  0.2963  92.864     121  2222233
     3.0  25.952  35.293  212.98  0.0815  0.2706  93.459     153  2222233
     4.0  25.950  35.291  212.49  0.0821  0.2664  93.558     166  2222222
     5.0  25.936  35.290  212.60  0.0821  0.2657  93.572      24  2222222
     6.0  25.942  35.291  211.96  0.0821  0.2650  93.590      26  2222222
     7.0  25.940  35.290  212.09  0.0820  0.2650  93.590     156  2222222
     8.0  25.931  35.289  212.65  0.0821  0.2646  93.600      41  2222222
     9.0  25.927  35.287  212.43  0.0821  0.2649  93.591      35  2222222
    10.0  25.918  35.286  211.95  0.0819  0.2660  93.567      60  2222222
    11.0  25.897  35.283  212.86  0.0821  0.2650  93.589     101  2222222
    12.0  25.840  35.277  212.10  0.0767  0.2705  93.460      49  2222222
    13.0  25.817  35.276  212.94  0.0817  0.2651  93.586     111  2222222
    14.0  25.803  35.276  212.95  0.0821  0.2678  93.524      38  2222222
    15.0  25.782  35.278  211.75  0.0818  0.2660  93.567      41  2222222
    16.0  25.771  35.278  212.93  0.0821  0.2652  93.584     108  2222222
    17.0  25.759  35.280  212.95  0.0820  0.2650  93.590      92  2222222
    18.0  25.756  35.283  212.57  0.0821  0.2655  93.577      50  2222222
    19.0  25.748  35.288  213.70  0.0761  0.2662  93.562      46  2222222
    20.0  25.715  35.292  213.34  0.0818  0.2660  93.567      76  2222222
    21.0  25.642  35.293  214.23  0.0821  0.2664  93.557      54  2222222
    22.0  25.583  35.292  214.92  0.0914  0.2687  93.504     139  2222222
    23.0  25.501  35.290  216.75  0.0936  0.2693  93.491      32  2222222
    24.0  25.186  35.273  219.47  0.0936  0.2713  93.444      35  2222222
    25.0  24.839  35.259  221.80  0.0935  0.2733  93.396      80  2222222
    26.0  24.310  35.237  225.35  0.1015  0.2745  93.369     145  2222222
    27.0  24.004  35.223  227.49  0.1011  0.2742  93.374      43  2222222
    28.0  23.380  35.206  231.86  0.1015  0.2755  93.344      28  2222222
    29.0  23.150  35.196  231.70  0.1052  0.2753  93.348      32  2222222
    30.0  23.043  35.186  231.36  0.1081  0.2766  93.318     174  2222222
    31.0  22.852  35.186  232.52  0.1060  0.2770  93.310      42  2222222
    32.0  22.797  35.187  232.84  0.1058  0.2770  93.310      42  2222222
    33.0  22.733  35.185  233.03  0.1168  0.2780  93.287      52  2222222
    34.0  22.674  35.188  232.31  0.1136  0.2787  93.270     100  2222222
    35.0  22.595  35.207  231.92  0.1130  0.2779  93.288      71  2222222
    36.0  22.544  35.216  233.09  0.1271  0.2792  93.258      87  2222222
    37.0  22.505  35.217  233.53  0.1214  0.2784  93.276      46  2222222
    38.0  22.432  35.216  233.73  0.1168  0.2796  93.249      36  2222222
    39.0  22.354  35.214  233.38  0.1166  0.2798  93.244     165  2222222
    40.0  22.311  35.212  233.72  0.1171  0.2803  93.234      40  2222222
    41.0  22.245  35.212  234.27  0.1168  0.2810  93.217      26  2222222
    42.0  22.191  35.209  233.79  0.1168  0.2805  93.228      33  2222222
    43.0  22.088  35.205  234.52  0.1166  0.2800  93.240     140  2222222
    44.0  21.942  35.201  234.61  0.1165  0.2802  93.236      46  2222222
    45.0  21.881  35.199  234.39  0.1194  0.2814  93.207      82  2222222
    46.0  21.876  35.198  234.61  0.1304  0.2807  93.224      90  2222222
    47.0  21.859  35.198  234.67  0.1182  0.2812  93.211      25  2222222
    48.0  21.853  35.197  234.27  0.1193  0.2809  93.217      80  2222222
    49.0  21.832  35.198  234.72  0.1221  0.2806  93.225     126  2222222
    50.0  21.808  35.197  235.03  0.1280  0.2802  93.236      28  2222222
    51.0  21.726  35.189  236.12  0.1314  0.2803  93.233      34  2222222
    52.0  21.537  35.173  236.87  0.1380  0.2815  93.204      60  2222222
    53.0  21.514  35.166  236.93  0.1320  0.2822  93.189     128  2222222
    54.0  21.392  35.160  236.24  0.1284  0.2829  93.172      40  2222222
    55.0  21.296  35.152  237.60  0.1396  0.2835  93.159     108  2222222
    56.0  21.167  35.142  237.91  0.1436  0.2827  93.177      34  2222222
    57.0  21.077  35.133  238.91  0.1311  0.2838  93.151      34  2222222
    58.0  20.971  35.123  238.88  0.1448  0.2824  93.183     180  2222222
    59.0  20.744  35.105  239.33  0.1394  0.2819  93.195      23  2222222
    60.0  20.579  35.099  239.54  0.1399  0.2813  93.210      21  2222222
    61.0  20.580  35.098  239.18  0.1437  0.2802  93.235      70  2222222
    62.0  20.526  35.095  239.64  0.1477  0.2805  93.229      97  2222222
    63.0  20.426  35.088  239.71  0.1541  0.2805  93.229     106  2222222
    64.0  20.272  35.077  239.78  0.1612  0.2799  93.243      46  2222222
    65.0  20.111  35.068  239.10  0.1557  0.2802  93.235      30  2222222
    66.0  19.925  35.051  239.77  0.1604  0.2796  93.249      36  2222222
    67.0  19.886  35.045  239.72  0.1763  0.2791  93.259     169  2222222
    68.0  19.739  35.029  240.03  0.1654  0.2796  93.250      33  2222222
    69.0  19.738  35.028  239.42  0.1771  0.2809  93.218      32  2222222
    70.0  19.705  35.022  240.53  0.1876  0.2803  93.233      70  2222222
    71.0  19.676  35.019  240.47  0.1926  0.2802  93.235     130  2222222
    72.0  19.579  35.005  240.86  0.1745  0.2802  93.236      22  2222222
    73.0  19.549  35.002  239.89  0.1832  0.2794  93.254      81  2222222
    74.0  19.411  34.994  240.48  0.1952  0.2804  93.230     109  2222222
    75.0  19.364  34.991  240.54  0.1909  0.2796  93.250      24  2222222
    76.0  19.312  34.983  240.32  0.1976  0.2789  93.265      25  2222222
    77.0  19.243  34.980  240.53  0.2044  0.2783  93.280     145  2222222
    78.0  19.121  34.981  239.99  0.2105  0.2776  93.295      60  2222222
    79.0  19.029  34.978  238.73  0.2162  0.2774  93.299      26  2222222
    80.0  18.996  34.976  238.55  0.2371  0.2769  93.310      90  2222222
    81.0  18.950  34.973  238.25  0.2599  0.2773  93.302      73  2222222
    82.0  18.836  34.970  236.96  0.2807  0.2776  93.295     101  2222222
    83.0  18.822  34.968  237.18  0.3102  0.2770  93.308      45  2222222
    84.0  18.793  34.963  236.76  0.2812  0.2775  93.299      29  2222222
    85.0  18.750  34.963  235.96  0.2990  0.2787  93.269     119  2222222
    86.0  18.677  34.959  235.95  0.3148  0.2789  93.265      74  2222222
    87.0  18.628  34.952  236.20  0.3195  0.2819  93.195      27  2222222
    88.0  18.596  34.950  235.95  0.3443  0.2799  93.241      33  2222222
    89.0  18.603  34.950  235.40  0.3582  0.2796  93.248     131  2222222
    90.0  18.559  34.949  235.26  0.3591  0.2798  93.245      49  2222222
    91.0  18.482  34.942  235.14  0.4038  0.2816  93.202     110  2222222
    92.0  18.453  34.938  235.95  0.4266  0.2828  93.174      53  2222222
    93.0  18.395  34.929  236.21  0.4267  0.2813  93.208      31  2222222
    94.0  18.389  34.928  236.09  0.4307  0.2804  93.229      86  2222222
    95.0  18.354  34.924  235.89  0.4431  0.2800  93.239     127  2222222
    96.0  18.291  34.918  236.49  0.4154  0.2802  93.236      22  2222222
    97.0  18.258  34.918  236.22  0.4199  0.2800  93.240      24  2222222
    98.0  18.255  34.921  235.91  0.4582  0.2813  93.210      71  2222222
    99.0  18.248  34.921  235.63  0.4977  0.2792  93.258     158  2222222
   100.0  18.214  34.924  235.24  0.5243  0.2791  93.259      42  2222222
   101.0  18.187  34.925  234.48  0.5444  0.2802  93.236      30  2222222
   102.0  18.117  34.923  234.58  0.5989  0.2820  93.193      28  2222222
   103.0  18.122  34.920  234.30  0.7112  0.2858  93.105     181  2222222
   104.0  18.057  34.914  233.80  0.7400  0.2844  93.136      32  2222222
   105.0  18.041  34.911  233.35  0.9126  0.2893  93.023      36  2222222
   106.0  18.028  34.914  233.63  1.0274  0.2929  92.940      50  2222222
   107.0  18.031  34.917  233.24  1.1260  0.2947  92.898     124  2222222
   108.0  18.026  34.921  231.81  1.1285  0.2935  92.926      67  2222222
   109.0  17.969  34.919  230.62  1.1528  0.2920  92.961      60  2222222
   110.0  17.944  34.917  230.00  1.1349  0.2880  93.053      51  2222222
   111.0  17.939  34.916  230.58  1.0109  0.2868  93.082      47  2222222
   112.0  17.926  34.914  230.25  0.9837  0.2868  93.082     129  2222222
   113.0  17.895  34.911  230.18  0.9097  0.2839  93.148      33  2222222
   114.0  17.856  34.906  228.80  0.8755  0.2825  93.181      41  2222222
   115.0  17.842  34.903  228.94  0.8866  0.2806  93.227     124  2222222
   116.0  17.768  34.894  227.21  0.8235  0.2798  93.245      25  2222222
   117.0  17.738  34.889  226.40  0.7516  0.2754  93.346      37  2222222
   118.0  17.725  34.887  226.69  0.7748  0.2738  93.385     161  2222222
   119.0  17.643  34.877  226.46  0.7288  0.2727  93.409      33  2222222
   120.0  17.622  34.874  225.86  0.6752  0.2702  93.468      28  2222222
   121.0  17.588  34.869  226.01  0.6747  0.2694  93.488     161  2222222
   122.0  17.519  34.864  225.72  0.6616  0.2695  93.486      33  2222222
   123.0  17.431  34.853  225.34  0.6121  0.2681  93.518      29  2222222
   124.0  17.403  34.851  224.69  0.6059  0.2650  93.590     125  2222222
   125.0  17.393  34.849  225.03  0.6346  0.2649  93.592      38  2222222
   126.0  17.366  34.846  224.94  0.5497  0.2638  93.618      49  2222222
   127.0  17.342  34.842  225.08  0.5729  0.2636  93.621     144  2222222
   128.0  17.298  34.837  224.76  0.5456  0.2639  93.616      21  2222222
   129.0  17.271  34.834  224.41  0.5110  0.2626  93.645      22  2222222
   130.0  17.276  34.833  224.28  0.5073  0.2618  93.665      55  2222222
   131.0  17.261  34.831  224.57  0.5338  0.2609  93.686     174  2222222
   132.0  17.122  34.814  223.67  0.5205  0.2611  93.681      25  2222222
   133.0  17.034  34.804  222.93  0.4642  0.2595  93.718      25  2222222
   134.0  16.946  34.794  222.46  0.4251  0.2562  93.797      34  2222222
   135.0  16.947  34.793  223.32  0.4663  0.2537  93.855     172  2222222
   136.0  16.825  34.779  223.20  0.4862  0.2528  93.877      50  2222222
   137.0  16.785  34.773  222.38  0.4173  0.2519  93.897      38  2222222
   138.0  16.715  34.764  222.56  0.3973  0.2500  93.942      72  2222222
   139.0  16.677  34.758  222.32  0.4025  0.2489  93.968      62  2222222
   140.0  16.586  34.744  221.31  0.3560  0.2475  94.001     117  2222222
   141.0  16.550  34.738  220.96  0.3314  0.2473  94.005      51  2222222
   142.0  16.529  34.736  219.87  0.2966  0.2456  94.043      40  2222222
   143.0  16.468  34.725  218.56  0.3005  0.2455  94.047      80  2222222
   144.0  16.437  34.719  217.72  0.3007  0.2442  94.079      79  2222222
   145.0  16.377  34.710  217.37  0.2617  0.2427  94.114      49  2222222
   146.0  16.355  34.707  217.29  0.2313  0.2422  94.125     115  2222222
   147.0  16.343  34.705  217.24  0.2299  0.2421  94.126      70  2222222
   148.0  16.304  34.700  217.15  0.2007  0.2425  94.118      22  2222222
   149.0  16.311  34.700  217.56  0.1955  0.2424  94.121      88  2222222
   150.0  16.283  34.699  218.12  0.1960  0.2421  94.128     105  2222222
   151.0  16.267  34.700  219.21  0.1950  0.2419  94.132      32  2222222
   152.0  16.256  34.697  219.38  0.2001  0.2419  94.132      59  2222222
   153.0  16.223  34.693  219.14  0.2007  0.2415  94.141      81  2222222
   154.0  16.147  34.685  219.22  0.1988  0.2415  94.142      86  2222222
   155.0  16.121  34.681  219.47  0.1897  0.2418  94.135      50  2222222
   156.0  16.112  34.681  219.01  0.1847  0.2414  94.144      76  2222222
   157.0  16.023  34.671  218.94  0.1769  0.2403  94.169      87  2222222
   158.0  16.012  34.670  218.99  0.1683  0.2408  94.157      59  2222222
   159.0  16.018  34.669  219.21  0.1675  0.2403  94.168      61  2222222
   160.0  16.000  34.668  219.07  0.1595  0.2399  94.179      60  2222222
   161.0  15.975  34.665  219.50  0.1592  0.2400  94.177      58  2222222
   162.0  15.975  34.665  219.01  0.1606  0.2401  94.172      69  2222222
   163.0  15.979  34.665  218.93  0.1595  0.2397  94.182      80  2222222
   164.0  15.960  34.663  218.99  0.1642  0.2394  94.190      67  2222222
   165.0  15.960  34.662  219.29  0.1630  0.2394  94.191      45  2222222
   166.0  15.951  34.661  219.16  0.1656  0.2390  94.201     148  2222222
   167.0  15.938  34.659  219.03  0.1712  0.2400  94.175      21  2222222
   168.0  15.924  34.656  218.71  0.1535  0.2390  94.200      49  2222222
   169.0  15.896  34.651  218.40  0.1444  0.2383  94.217      94  2222222
   170.0  15.806  34.642  217.87  0.1364  0.2382  94.217      79  2222222
   171.0  15.762  34.638  218.21  0.1399  0.2401  94.175      19  2222222
   172.0  15.785  34.639  218.30  0.1331  0.2381  94.221      86  2222222
   173.0  15.721  34.632  217.49  0.1316  0.2374  94.236     116  2222222
   174.0  15.629  34.623  218.24  0.1293  0.2390  94.200      25  2222222
   175.0  15.594  34.621  217.79  0.1178  0.2378  94.229      25  2222222
   176.0  15.609  34.619  218.31  0.1221  0.2364  94.261     153  2222222
   177.0  15.498  34.608  218.73  0.1181  0.2364  94.261      26  2222222
   178.0  15.410  34.597  217.76  0.1058  0.2364  94.261      34  2222222
   179.0  15.392  34.594  218.13  0.1066  0.2354  94.285     153  2222222
   180.0  15.333  34.587  217.78  0.0936  0.2351  94.292      31  2222222
   181.0  15.315  34.584  217.33  0.0881  0.2350  94.296      25  2222222
   182.0  15.317  34.583  217.58  0.0850  0.2351  94.293     119  2222222
   183.0  15.282  34.579  217.40  0.0915  0.2349  94.297      84  2222222
   184.0  15.249  34.575  217.80  0.0775  0.2352  94.291      25  2222222
   185.0  15.223  34.572  217.37  0.0702  0.2344  94.308      28  2222222
   186.0  15.203  34.569  217.20  0.0724  0.2342  94.312     144  2222222
   187.0  15.174  34.566  217.24  0.0819  0.2341  94.314      54  2222222
   188.0  15.151  34.564  217.19  0.0821  0.2339  94.319      57  2222222
   189.0  15.138  34.562  217.87  0.0780  0.2341  94.315      59  2222222
   190.0  15.118  34.559  217.44  0.0706  0.2338  94.322      72  2222222
   191.0  15.094  34.556  217.10  0.0740  0.2337  94.326      77  2222222
   192.0  15.075  34.554  217.04  0.0699  0.2333  94.334      69  2222222
   193.0  15.044  34.549  216.52  0.0622  0.2332  94.336      54  2222222
   194.0  14.999  34.543  216.48  0.0601  0.2334  94.333     100  2222222
   195.0  14.948  34.536  216.21  0.0615  0.2333  94.335      47  2222222
   196.0  14.900  34.530  216.42  0.0512  0.2332  94.338      31  2222222
   197.0  14.909  34.530  216.58  0.0506  0.2330  94.342     129  2222222
   198.0  14.875  34.529  217.12  0.0518  0.2330  94.343      63  2222222
   199.0  14.822  34.522  217.87  0.0583  0.2331  94.339      16  2222222
   200.0  14.787  34.522  217.87  0.0590  0.2330  94.341      15  2222222
   201.0  14.774  34.520  217.64  0.0590  0.2334  94.333      18  2222222
   202.0  14.818  34.522  217.19  0.0546  0.2332  94.338     137  2222222
   203.0  14.775  34.518  217.08  0.0588  0.2333  94.335      54  2222222
   204.0  14.762  34.515  218.35  0.0590  0.2332  94.338      17  2222222
   205.0  14.700  34.513  218.23  0.0590  0.2332  94.336      17  2222222
   206.0  14.661  34.509  218.02  0.0590  0.2332  94.337      21  2222222
   207.0  14.648  34.508  218.18  0.0586  0.2331  94.340      78  2222222
   208.0  14.619  34.504  217.86  0.0590  0.2333  94.335      35  2222222
   209.0  14.552  34.495  217.71  0.0590  0.2333  94.335      22  2222222
   210.0  14.444  34.487  217.64  0.0496  0.2333  94.335      22  2222222
   211.0  14.420  34.485  217.03  0.0470  0.2331  94.339      24  2222222
   212.0  14.414  34.483  216.76  0.0478  0.2327  94.349      35  2222222
   213.0  14.407  34.482  217.36  0.0505  0.2326  94.351      77  2222222
   214.0  14.405  34.481  218.03  0.0469  0.2326  94.351      41  2222222
   215.0  14.393  34.480  217.69  0.0465  0.2325  94.355      24  2222222
   216.0  14.376  34.478  217.81  0.0519  0.2323  94.359      18  2222222
   217.0  14.358  34.476  217.97  0.0590  0.2325  94.353      17  2222222
   218.0  14.334  34.475  218.46  0.0482  0.2324  94.358      17  2222222
   219.0  14.321  34.475  218.47  0.0456  0.2323  94.359      18  2222222
   220.0  14.297  34.473  218.30  0.0464  0.2323  94.359      21  2222222
   221.0  14.254  34.470  218.49  0.0467  0.2323  94.359      30  2222222
   222.0  14.223  34.467  218.08  0.0468  0.2323  94.359      74  2222222
   223.0  14.209  34.465  218.95  0.0472  0.2323  94.359      47  2222222
   224.0  14.181  34.461  219.47  0.0466  0.2323  94.358      26  2222222
   225.0  14.139  34.457  219.48  0.0475  0.2326  94.351      20  2222222
   226.0  14.073  34.447  219.14  0.0571  0.2330  94.343      18  2222222
   227.0  13.998  34.439  218.44  0.0536  0.2323  94.359      17  2222222
   228.0  13.945  34.434  217.87  0.0475  0.2320  94.367      16  2222222
   229.0  13.846  34.423  217.85  0.0468  0.2331  94.340      18  2222222
   230.0  13.782  34.419  217.77  0.0465  0.2319  94.367      24  2222222
   231.0  13.800  34.419  217.81  0.0458  0.2326  94.351      96  2222222
   232.0  13.864  34.423  217.95  0.0465  0.2315  94.376      34  2222222
   233.0  13.774  34.418  218.55  0.0464  0.2319  94.369      20  2222222
   234.0  13.773  34.417  218.32  0.0462  0.2315  94.376      17  2222222
   235.0  13.734  34.413  218.22  0.0468  0.2323  94.359      18  2222222
   236.0  13.699  34.410  218.13  0.0465  0.2315  94.376      23  2222222
   237.0  13.604  34.400  217.73  0.0454  0.2320  94.366      34  2222222
   238.0  13.571  34.397  217.86  0.0465  0.2313  94.382      55  2222222
   239.0  13.564  34.395  217.93  0.0464  0.2312  94.383      41  2222222
   240.0  13.546  34.393  217.97  0.0455  0.2312  94.383      29  2222222
   241.0  13.531  34.391  217.80  0.0465  0.2312  94.384      24  2222222
   242.0  13.523  34.390  218.09  0.0465  0.2313  94.382      24  2222222
   243.0  13.504  34.387  218.27  0.0470  0.2316  94.376      25  2222222
   244.0  13.464  34.384  217.65  0.0463  0.2312  94.383      38  2222222
   245.0  13.425  34.380  217.69  0.0455  0.2312  94.383      46  2222222
   246.0  13.404  34.378  218.01  0.0461  0.2311  94.386      33  2222222
   247.0  13.383  34.375  218.06  0.0462  0.2312  94.383      27  2222222
   248.0  13.344  34.372  218.02  0.0465  0.2312  94.383      25  2222222
   249.0  13.303  34.368  217.91  0.0471  0.2312  94.383      29  2222222
   250.0  13.280  34.365  217.50  0.0466  0.2317  94.373      40  2222222
   251.0  13.249  34.362  217.64  0.0471  0.2312  94.383      32  2222222
   252.0  13.208  34.357  217.42  0.0470  0.2320  94.365      26  2222222
   253.0  13.148  34.350  217.27  0.0466  0.2310  94.389      28  2222222
   254.0  13.107  34.345  217.24  0.0466  0.2308  94.393      42  2222222
   255.0  13.089  34.342  217.64  0.0472  0.2309  94.392      39  2222222
   256.0  13.072  34.341  218.06  0.0470  0.2304  94.402      23  2222222
   257.0  13.057  34.338  217.80  0.0475  0.2304  94.402      21  2222222
   258.0  13.037  34.335  217.05  0.0469  0.2312  94.383      19  2222222
   259.0  13.027  34.334  216.23  0.0475  0.2310  94.389      23  2222222
   260.0  13.002  34.332  215.82  0.0468  0.2311  94.387      34  2222222
   261.0  12.989  34.330  215.94  0.0473  0.2306  94.398      50  2222222
   262.0  12.952  34.325  215.31  0.0468  0.2310  94.388      35  2222222
   263.0  12.925  34.322  214.46  0.0470  0.2312  94.384      26  2222222
   264.0  12.899  34.319  214.24  0.0466  0.2306  94.397      27  2222222
   265.0  12.862  34.317  214.23  0.0467  0.2307  94.397      31  2222222
   266.0  12.854  34.316  213.90  0.0459  0.2305  94.400      29  2222222
   267.0  12.847  34.315  214.37  0.0452  0.2306  94.397      25  2222222
   268.0  12.832  34.313  214.86  0.0475  0.2302  94.408      24  2222222
   269.0  12.789  34.310  214.37  0.0475  0.2302  94.408      22  2222222
   270.0  12.729  34.306  214.15  0.0456  0.2303  94.406      30  2222222
   271.0  12.707  34.303  214.01  0.0461  0.2303  94.406      50  2222222
   272.0  12.698  34.302  214.08  0.0459  0.2314  94.380      35  2222222
   273.0  12.690  34.303  214.73  0.0453  0.2309  94.392      27  2222222
   274.0  12.670  34.301  214.52  0.0475  0.2303  94.405      23  2222222
   275.0  12.650  34.299  214.51  0.0470  0.2308  94.394      27  2222222
   276.0  12.638  34.298  214.74  0.0458  0.2302  94.408      27  2222222
   277.0  12.627  34.297  214.15  0.0466  0.2302  94.408      27  2222222
   278.0  12.611  34.295  213.36  0.0458  0.2302  94.408      27  2222222
   279.0  12.587  34.292  213.07  0.0470  0.2305  94.400      26  2222222
   280.0  12.563  34.289  213.19  0.0460  0.2303  94.405      38  2222222
   281.0  12.543  34.287  213.10  0.0451  0.2302  94.407      49  2222222
   282.0  12.523  34.285  213.45  0.0455  0.2302  94.408      29  2222222
   283.0  12.507  34.286  213.55  0.0458  0.2301  94.411      20  2222222
   284.0  12.479  34.284  213.57  0.0464  0.2301  94.411      21  2222222
   285.0  12.463  34.283  213.15  0.0465  0.2302  94.408      22  2222222
   286.0  12.444  34.280  212.87  0.0465  0.2302  94.407      25  2222222
   287.0  12.416  34.278  212.40  0.0468  0.2301  94.411      34  2222222
   288.0  12.397  34.274  212.51  0.0449  0.2300  94.413      40  2222222
   289.0  12.363  34.272  212.50  0.0460  0.2297  94.420      37  2222222
   290.0  12.334  34.272  213.08  0.0459  0.2297  94.420      29  2222222
   291.0  12.342  34.281  220.46  0.0459  0.2299  94.414      28  2222222
   292.0  12.370  34.293  228.81  0.0460  0.2301  94.411      30  2222222
   293.0  12.368  34.293  230.37  0.0463  0.2302  94.407      29  2222222
   294.0  12.364  34.293  229.94  0.0463  0.2308  94.394      29  2222222
   295.0  12.349  34.293  229.23  0.0456  0.2305  94.400      25  2222222
   296.0  12.323  34.292  229.02  0.0455  0.2304  94.402      23  2222222
   297.0  12.316  34.291  229.03  0.0456  0.2305  94.401      24  2222222
   298.0  12.297  34.290  228.96  0.0466  0.2307  94.396      28  2222222
   299.0  12.294  34.290  228.42  0.0461  0.2302  94.407      40  2222222
   300.0  12.275  34.289  228.44  0.0457  0.2304  94.404      44  2222222
   301.0  12.250  34.288  228.66  0.0457  0.2303  94.406      32  2222222
   302.0  12.221  34.287  228.17  0.0451  0.2304  94.403      29  2222222
   303.0  12.158  34.283  228.31  0.0447  0.2310  94.388      29  2222222
   304.0  12.104  34.280  228.61  0.0459  0.2306  94.398      28  2222222
   305.0  12.073  34.278  228.75  0.0449  0.2310  94.388      23  2222222
   306.0  12.057  34.277  228.85  0.0436  0.2312  94.383      21  2222222
   307.0  12.045  34.276  228.75  0.0452  0.2312  94.383      20  2222222
   308.0  12.038  34.275  228.17  0.0459  0.2312  94.383      22  2222222
   309.0  12.016  34.272  227.03  0.0443  0.2312  94.383      29  2222222
   310.0  12.015  34.271  227.30  0.0445  0.2309  94.390      85  2222222
   311.0  11.975  34.268  227.58  0.0463  0.2309  94.391      28  2222222
   312.0  11.912  34.263  227.81  0.0463  0.2305  94.400      19  2222222
   313.0  11.871  34.262  227.54  0.0447  0.2307  94.396      17  2222222
   314.0  11.825  34.258  226.90  0.0462  0.2310  94.389      17  2222222
   315.0  11.811  34.257  226.09  0.0445  0.2311  94.386      19  2222222
   316.0  11.805  34.256  225.44  0.0456  0.2312  94.384      25  2222222
   317.0  11.800  34.255  225.50  0.0455  0.2311  94.387      46  2222222
   318.0  11.796  34.254  225.35  0.0463  0.2309  94.391      47  2222222
   319.0  11.787  34.254  225.50  0.0451  0.2312  94.383      29  2222222
   320.0  11.735  34.248  224.47  0.0457  0.2306  94.397      26  2222222
   321.0  11.686  34.244  222.82  0.0447  0.2311  94.385      25  2222222
   322.0  11.653  34.242  221.76  0.0445  0.2307  94.396      23  2222222
   323.0  11.634  34.240  220.93  0.0451  0.2312  94.383      24  2222222
   324.0  11.623  34.238  220.18  0.0455  0.2312  94.384      29  2222222
   325.0  11.617  34.237  219.94  0.0449  0.2306  94.398      36  2222222
   326.0  11.605  34.235  219.61  0.0449  0.2308  94.394      45  2222222
   327.0  11.577  34.232  218.47  0.0450  0.2303  94.405      38  2222222
   328.0  11.550  34.231  218.13  0.0457  0.2307  94.396      26  2222222
   329.0  11.544  34.230  217.83  0.0459  0.2303  94.406      21  2222222
   330.0  11.536  34.228  217.00  0.0449  0.2307  94.396      18  2222222
   331.0  11.466  34.222  216.30  0.0454  0.2308  94.393      17  2222222
   332.0  11.389  34.219  215.35  0.0457  0.2309  94.390      19  2222222
   333.0  11.352  34.219  214.43  0.0445  0.2311  94.385      23  2222222
   334.0  11.363  34.217  214.57  0.0444  0.2307  94.397     102  2222222
   335.0  11.348  34.215  214.59  0.0429  0.2307  94.395      25  2222222
   336.0  11.255  34.210  214.52  0.0441  0.2304  94.404      17  2222222
   337.0  11.219  34.208  214.06  0.0444  0.2312  94.383      15  2222222
   338.0  11.198  34.208  213.64  0.0406  0.2311  94.385      15  2222222
   339.0  11.189  34.207  213.53  0.0454  0.2311  94.385      17  2222222
   340.0  11.177  34.206  213.14  0.0429  0.2314  94.379      25  2222222
   341.0  11.175  34.205  213.03  0.0447  0.2310  94.387      50  2222222
   342.0  11.169  34.203  213.04  0.0453  0.2307  94.394      42  2222222
   343.0  11.157  34.203  213.31  0.0454  0.2310  94.390      28  2222222
   344.0  11.144  34.202  213.62  0.0451  0.2309  94.392      24  2222222
   345.0  11.118  34.201  212.79  0.0441  0.2309  94.392      27  2222222
   346.0  11.104  34.200  212.27  0.0558  0.2312  94.383      29  2222222
   347.0  11.075  34.199  212.02  0.0454  0.2310  94.389      33  2222222
   348.0  11.053  34.197  212.43  0.0448  0.2312  94.384      31  2222222
   349.0  11.035  34.196  212.45  0.0444  0.2309  94.390      33  2222222
   350.0  11.005  34.195  212.02  0.0452  0.2303  94.405      30  2222222
   351.0  10.973  34.193  211.78  0.0457  0.2307  94.396      26  2222222
   352.0  10.939  34.191  211.49  0.0452  0.2304  94.403      20  2222222
   353.0  10.916  34.190  211.14  0.0446  0.2311  94.386      20  2222222
   354.0  10.873  34.187  211.42  0.0424  0.2312  94.384      25  2222222
   355.0  10.834  34.186  212.00  0.0455  0.2308  94.394      47  2222222
   356.0  10.837  34.184  211.85  0.0456  0.2306  94.398      60  2222222
   357.0  10.796  34.183  211.77  0.0447  0.2302  94.407      25  2222222
   358.0  10.781  34.182  211.69  0.0445  0.2302  94.408      19  2222222
   359.0  10.757  34.181  212.28  0.0432  0.2303  94.407      19  2222222
   360.0  10.741  34.180  212.25  0.0427  0.2307  94.396      19  2222222
   361.0  10.733  34.179  212.09  0.0432  0.2305  94.401      19  2222222
   362.0  10.701  34.177  211.72  0.0424  0.2302  94.407      25  2222222
   363.0  10.650  34.176  211.38  0.0444  0.2303  94.407      37  2222222
   364.0  10.633  34.174  211.13  0.0434  0.2302  94.408      60  2222222
   365.0  10.615  34.173  211.63  0.0446  0.2302  94.408      36  2222222
   366.0  10.600  34.172  211.30  0.0443  0.2302  94.407      25  2222222
   367.0  10.589  34.172  210.95  0.0448  0.2302  94.408      22  2222222
   368.0  10.556  34.170  210.79  0.0434  0.2302  94.408      20  2222222
   369.0  10.532  34.169  210.67  0.0438  0.2302  94.408      19  2222222
   370.0  10.528  34.169  210.34  0.0436  0.2302  94.408      21  2222222
   371.0  10.523  34.168  209.98  0.0453  0.2302  94.408      26  2222222
   372.0  10.492  34.167  209.97  0.0522  0.2302  94.408      46  2222222
   373.0  10.475  34.166  209.35  0.0514  0.2302  94.408      48  2222222
   374.0  10.454  34.165  208.68  0.0435  0.2305  94.401      26  2222222
   375.0  10.447  34.165  208.04  0.0433  0.2307  94.397      22  2222222
   376.0  10.434  34.164  207.56  0.0459  0.2302  94.408      22  2222222
   377.0  10.404  34.162  207.67  0.0457  0.2302  94.408      26  2222222
   378.0  10.375  34.161  206.22  0.0438  0.2302  94.408      34  2222222
   379.0  10.347  34.159  204.97  0.0458  0.2302  94.409      41  2222222
   380.0  10.309  34.157  205.36  0.0454  0.2299  94.415      28  2222222
   381.0  10.271  34.156  204.17  0.0465  0.2300  94.414      25  2222222
   382.0  10.236  34.156  203.03  0.0510  0.2296  94.422      23  2222222
   383.0  10.216  34.154  202.55  0.0586  0.2297  94.421      24  2222222
   384.0  10.210  34.154  202.47  0.0517  0.2301  94.410      28  2222222
   385.0  10.188  34.153  202.60  0.0538  0.2300  94.412      31  2222222
   386.0  10.165  34.151  202.61  0.0566  0.2300  94.414      38  2222222
   387.0  10.142  34.150  202.55  0.0527  0.2297  94.420      44  2222222
   388.0  10.132  34.149  202.68  0.0471  0.2297  94.419      31  2222222
   389.0  10.120  34.147  203.07  0.0575  0.2299  94.416      23  2222222
   390.0  10.110  34.146  203.13  0.0585  0.2296  94.422      21  2222222
   391.0  10.101  34.145  202.96  0.0574  0.2296  94.422      22  2222222
   392.0  10.097  34.145  202.76  0.0480  0.2300  94.412      24  2222222
   393.0  10.093  34.145  203.16  0.0448  0.2302  94.408      35  2222222
   394.0  10.085  34.144  202.63  0.0458  0.2300  94.413      40  2222222
   395.0  10.081  34.143  201.89  0.0455  0.2298  94.418      29  2222222
   396.0  10.072  34.142  201.86  0.0539  0.2301  94.411      27  2222222
   397.0  10.053  34.142  201.73  0.0480  0.2298  94.419      25  2222222
   398.0  10.017  34.139  201.61  0.0435  0.2300  94.413      32  2222222
   399.0   9.985  34.139  201.58  0.0467  0.2301  94.410      32  2222222
   400.0   9.982  34.138  201.52  0.0536  0.2303  94.405      28  2222222
   401.0   9.941  34.137  200.54  0.0446  0.2309  94.390      28  2222222
   402.0   9.914  34.136  199.35  0.0447  0.2303  94.406      33  2222222
   403.0   9.897  34.135  198.97  0.0555  0.2300  94.411      33  2222222
   404.0   9.877  34.134  198.72  0.0557  0.2298  94.416      28  2222222
   405.0   9.870  34.134  198.57  0.0453  0.2301  94.410      26  2222222
   406.0   9.844  34.132  198.73  0.0462  0.2301  94.410      27  2222222
   407.0   9.820  34.132  198.17  0.0541  0.2297  94.420      28  2222222
   408.0   9.810  34.131  197.68  0.0496  0.2297  94.421      28  2222222
   409.0   9.793  34.131  197.31  0.0508  0.2294  94.427      31  2222222
   410.0   9.773  34.129  196.56  0.0535  0.2293  94.430      33  2222222
   411.0   9.755  34.128  196.36  0.0442  0.2300  94.412      35  2222222
   412.0   9.744  34.127  196.23  0.0445  0.2296  94.421      34  2222222
   413.0   9.728  34.126  195.99  0.0537  0.2297  94.421      26  2222222
   414.0   9.700  34.124  195.33  0.0586  0.2302  94.409      24  2222222
   415.0   9.648  34.121  195.07  0.0585  0.2301  94.411      21  2222222
   416.0   9.607  34.120  194.81  0.0586  0.2300  94.413      23  2222222
   417.0   9.598  34.119  194.16  0.0583  0.2301  94.410      29  2222222
   418.0   9.591  34.118  193.72  0.0580  0.2297  94.421      44  2222222
   419.0   9.588  34.118  194.02  0.0583  0.2297  94.420      45  2222222
   420.0   9.587  34.117  193.89  0.0448  0.2296  94.422      30  2222222
   421.0   9.586  34.117  193.83  0.0590  0.2307  94.397      23  2222222
   422.0   9.586  34.117  193.79  0.0585  0.2313  94.382      21  2222222
   423.0   9.584  34.118  193.92  0.0475  0.2297  94.420      22  2222222
   424.0   9.583  34.119  193.96  0.0430  0.2298  94.418      26  2222222
   425.0   9.581  34.119  193.47  0.0547  0.2297  94.419      32  2222222
   426.0   9.546  34.118  193.10  0.0429  0.2300  94.413      37  2222222
   427.0   9.524  34.117  192.74  0.0415  0.2296  94.422      31  2222222
   428.0   9.518  34.117  192.60  0.0535  0.2295  94.425      31  2222222
   429.0   9.513  34.116  192.72  0.0448  0.2295  94.424      31  2222222
   430.0   9.504  34.116  192.96  0.0479  0.2295  94.426      31  2222222
   431.0   9.498  34.115  192.88  0.0501  0.2297  94.421      30  2222222
   432.0   9.473  34.114  192.61  0.0505  0.2299  94.414      27  2222222
   433.0   9.450  34.114  192.03  0.0489  0.2301  94.410      25  2222222
   434.0   9.439  34.114  191.54  0.0509  0.2297  94.421      27  2222222
   435.0   9.415  34.114  190.68  0.0575  0.2303  94.406      30  2222222
   436.0   9.394  34.113  190.28  0.0575  0.2297  94.420      30  2222222
   437.0   9.359  34.111  189.70  0.0574  0.2294  94.428      29  2222222
   438.0   9.343  34.111  188.66  0.0575  0.2296  94.422      31  2222222
   439.0   9.329  34.111  188.48  0.0577  0.2299  94.416      35  2222222
   440.0   9.313  34.110  188.55  0.0563  0.2293  94.429      34  2222222
   441.0   9.294  34.109  188.35  0.0430  0.2295  94.424      28  2222222
   442.0   9.283  34.108  188.04  0.0554  0.2299  94.414      26  2222222
   443.0   9.274  34.107  187.64  0.0569  0.2296  94.423      26  2222222
   444.0   9.246  34.103  187.99  0.0559  0.2297  94.419      26  2222222
   445.0   9.220  34.102  188.23  0.0578  0.2300  94.412      28  2222222
   446.0   9.206  34.101  187.84  0.0584  0.2296  94.421      34  2222222
   447.0   9.198  34.100  187.76  0.0543  0.2297  94.419      44  2222222
   448.0   9.183  34.099  187.80  0.0491  0.2298  94.417      36  2222222
   449.0   9.163  34.097  187.06  0.0475  0.2295  94.426      23  2222222
   450.0   9.115  34.096  186.92  0.0475  0.2296  94.422      19  2222222
   451.0   9.091  34.095  186.84  0.0565  0.2298  94.419      18  2222222
   452.0   9.063  34.093  186.21  0.0584  0.2296  94.423      18  2222222
   453.0   9.036  34.093  185.79  0.0565  0.2301  94.411      23  2222222
   454.0   9.018  34.092  185.31  0.0571  0.2299  94.414      66  2222222
   455.0   9.009  34.091  185.77  0.0564  0.2295  94.426      43  2222222
   456.0   8.971  34.089  185.57  0.0577  0.2295  94.426      27  2222222
   457.0   8.937  34.088  185.06  0.0569  0.2300  94.412      26  2222222
   458.0   8.885  34.086  183.93  0.0586  0.2302  94.409      23  2222222
   459.0   8.864  34.086  182.86  0.0574  0.2300  94.412      21  2222222
   460.0   8.831  34.085  181.85  0.0573  0.2297  94.419      20  2222222
   461.0   8.813  34.084  180.78  0.0555  0.2301  94.411      20  2222222
   462.0   8.807  34.084  180.60  0.0561  0.2300  94.413      24  2222222
   463.0   8.797  34.083  180.47  0.0579  0.2296  94.422      53  2222222
   464.0   8.792  34.082  180.47  0.0550  0.2296  94.424      51  2222222
   465.0   8.772  34.081  180.44  0.0475  0.2315  94.376      24  2222222
   466.0   8.727  34.080  179.41  0.0573  0.2297  94.420      20  2222222
   467.0   8.701  34.079  178.54  0.0585  0.2295  94.424      21  2222222
   468.0   8.652  34.077  177.92  0.0572  0.2299  94.416      26  2222222
   469.0   8.633  34.076  177.16  0.0581  0.2293  94.429      35  2222222
   470.0   8.624  34.075  177.03  0.0576  0.2294  94.428      42  2222222
   471.0   8.619  34.075  176.87  0.0657  0.2293  94.430      31  2222222
   472.0   8.614  34.074  176.97  0.0575  0.2294  94.428      23  2222222
   473.0   8.600  34.073  176.61  0.0590  0.2294  94.428      21  2222222
   474.0   8.575  34.072  175.98  0.0585  0.2302  94.408      19  2222222
   475.0   8.512  34.070  175.32  0.0569  0.2294  94.428      22  2222222
   476.0   8.459  34.070  173.75  0.0566  0.2296  94.423      33  2222222
   477.0   8.443  34.069  172.47  0.0571  0.2295  94.425      78  2222222
   478.0   8.430  34.068  172.02  0.0669  0.2291  94.434      28  2222222
   479.0   8.421  34.067  171.62  0.0566  0.2297  94.419      19  2222222
   480.0   8.403  34.066  171.56  0.0634  0.2299  94.415      16  2222222
   481.0   8.382  34.066  171.47  0.0638  0.2295  94.425      17  2222222
   482.0   8.369  34.066  171.12  0.0571  0.2295  94.424      18  2222222
   483.0   8.368  34.066  170.75  0.0575  0.2295  94.424      23  2222222
   484.0   8.369  34.065  170.64  0.0607  0.2292  94.432      67  2222222
   485.0   8.371  34.064  170.92  0.0582  0.2292  94.433      42  2222222
   486.0   8.358  34.064  170.70  0.0574  0.2292  94.432      22  2222222
   487.0   8.333  34.063  170.62  0.0577  0.2293  94.429      18  2222222
   488.0   8.309  34.062  170.15  0.0572  0.2293  94.431      19  2222222
   489.0   8.282  34.061  169.83  0.0580  0.2292  94.431      22  2222222
   490.0   8.219  34.059  169.36  0.0562  0.2294  94.428      33  2222222
   491.0   8.166  34.057  168.04  0.0600  0.2296  94.423      61  2222222
   492.0   8.135  34.056  166.59  0.0603  0.2293  94.430      28  2222222
   493.0   8.093  34.054  166.02  0.0553  0.2298  94.418      19  2222222
   494.0   8.043  34.055  164.87  0.0568  0.2294  94.427      20  2222222
   495.0   8.018  34.054  163.25  0.0566  0.2300  94.412      19  2222222
   496.0   7.987  34.053  161.85  0.0565  0.2302  94.409      23  2222222
   497.0   7.960  34.053  160.34  0.0566  0.2293  94.430      28  2222222
   498.0   7.930  34.052  159.38  0.0611  0.2293  94.430      45  2222222
   499.0   7.924  34.052  159.23  0.0595  0.2300  94.412      72  2222222
   500.0   7.891  34.050  159.52  0.0616  0.2292  94.432      23  2222222
   501.0   7.865  34.049  159.11  0.0618  0.2292  94.432      17  2222222
   502.0   7.842  34.048  158.62  0.0549  0.2292  94.432      14  2222222
   503.0   7.816  34.047  158.08  0.0622  0.2292  94.432      15  2222222
   504.0   7.775  34.045  157.63  0.0626  0.2294  94.428      16  2222222
   505.0   7.756  34.047  156.41  0.0630  0.2294  94.427      26  2222222
   506.0   7.757  34.045  155.57  0.0567  0.2292  94.432      72  2222222
   507.0   7.739  34.045  155.52  0.0633  0.2292  94.432      38  2222222
   508.0   7.732  34.046  154.55  0.0599  0.2292  94.431      27  2222222
   509.0   7.720  34.046  153.45  0.0596  0.2291  94.433      22  2222222
   510.0   7.707  34.046  152.65  0.0621  0.2290  94.437      19  2222222
   511.0   7.696  34.047  151.96  0.0645  0.2292  94.432      19  2222222
   512.0   7.688  34.047  151.46  0.0639  0.2295  94.424      21  2222222
   513.0   7.683  34.047  151.38  0.0614  0.2293  94.430      29  2222222
   514.0   7.676  34.047  151.25  0.0623  0.2292  94.432      63  2222222
   515.0   7.670  34.046  151.05  0.0590  0.2291  94.435      34  2222222
   516.0   7.654  34.046  150.56  0.0657  0.2292  94.432      24  2222222
   517.0   7.629  34.048  149.97  0.0612  0.2288  94.440      21  2222222
   518.0   7.622  34.048  149.53  0.0570  0.2292  94.432      23  2222222
   519.0   7.616  34.048  149.08  0.0609  0.2292  94.432      25  2222222
   520.0   7.600  34.048  148.64  0.0558  0.2292  94.431      29  2222222
   521.0   7.566  34.046  148.01  0.0549  0.2292  94.432      28  2222222
   522.0   7.537  34.045  147.21  0.0583  0.2292  94.432      31  2222222
   523.0   7.528  34.044  146.73  0.0630  0.2292  94.432      35  2222222
   524.0   7.517  34.043  146.50  0.0593  0.2291  94.434      44  2222222
   525.0   7.511  34.043  146.34  0.0609  0.2291  94.433      43  2222222
   526.0   7.506  34.042  146.32  0.0634  0.2290  94.437      32  2222222
   527.0   7.496  34.042  146.38  0.0609  0.2290  94.437      24  2222222
   528.0   7.484  34.041  146.39  0.0595  0.2289  94.439      23  2222222
   529.0   7.464  34.040  145.55  0.0579  0.2290  94.436      20  2222222
   530.0   7.440  34.040  144.80  0.0616  0.2290  94.438      23  2222222
   531.0   7.415  34.040  144.27  0.0610  0.2289  94.438      29  2222222
   532.0   7.411  34.040  143.82  0.0638  0.2290  94.438      51  2222222
   533.0   7.396  34.039  143.48  0.0585  0.2289  94.438      59  2222222
   534.0   7.371  34.039  142.94  0.0639  0.2284  94.450      35  2222222
   535.0   7.357  34.038  142.40  0.0624  0.2291  94.435      24  2222222
   536.0   7.326  34.038  142.07  0.0623  0.2293  94.429      21  2222222
   537.0   7.299  34.037  141.22  0.0627  0.2289  94.439      19  2222222
   538.0   7.285  34.038  140.29  0.0658  0.2290  94.436      22  2222222
   539.0   7.252  34.037  139.38  0.0654  0.2285  94.448      55  2222222
   540.0   7.271  34.036  139.66  0.0628  0.2284  94.451      70  2222222
   541.0   7.227  34.035  139.48  0.0610  0.2285  94.448      23  2222222
   542.0   7.205  34.034  138.82  0.0574  0.2283  94.452      22  2222222
   543.0   7.184  34.033  138.30  0.0639  0.2290  94.437      26  2222222
   544.0   7.163  34.031  138.06  0.0637  0.2290  94.437     102  2222222
   545.0   7.142  34.028  138.61  0.0557  0.2288  94.442      35  2222222
   546.0   7.106  34.027  138.27  0.0595  0.2285  94.449      24  2222222
   547.0   7.098  34.030  137.48  0.0606  0.2288  94.441      21  2222222
   548.0   7.134  34.028  137.81  0.0625  0.2286  94.446     125  2222222
   549.0   7.091  34.029  136.31  0.0599  0.2285  94.447      99  2222222
   550.0   7.120  34.027  137.20  0.0623  0.2283  94.452     112  2222222
   551.0   7.082  34.026  136.51  0.0617  0.2285  94.449     131  2222222
   552.0   7.094  34.026  136.87  0.0611  0.2284  94.450     277  2222222
   553.0   7.072  34.024  136.31  0.0606  0.2285  94.447     204  2222222
   554.0   7.024  34.025  135.15  0.0628  0.2285  94.447     211  2222222
   555.0   7.040  34.025  135.32  0.0622  0.2283  94.453      67  2222222
