  CTDPRS  CTDTMP  CTDSAL  CTDOXY  CHLPIG BEAM.AT   XMISS  NUMBER   QUALT1
    DBAR  ITS-90  PSS-78  uMOL/L    uG/L     1/M       %     OBS.       *
 ******* ******* ******* ******* ******* ******* *******                *
     2.0  26.203  35.199  212.18  0.0934  0.3457  91.738      37  2222233
     3.0  26.203  35.199  212.10  0.0942  0.3151  92.435     178  2222233
     4.0  26.204  35.199  211.80  0.0956  0.2849  93.125     231  2222233
     5.0  26.206  35.199  211.90  0.0951  0.2909  92.988     180  2222233
     6.0  26.206  35.199  211.04  0.0964  0.2841  93.145      71  2222222
     7.0  26.205  35.199  210.32  0.0882  0.2858  93.105      40  2222222
     8.0  26.206  35.199  210.79  0.0959  0.2849  93.127     124  2222222
     9.0  26.205  35.199  210.69  0.0936  0.2838  93.151      29  2222222
    10.0  26.205  35.199  210.85  0.0965  0.2844  93.139      61  2222222
    11.0  26.208  35.200  210.92  0.0922  0.2845  93.135     138  2222222
    12.0  26.208  35.200  211.34  0.0936  0.2844  93.139      30  2222222
    13.0  26.209  35.200  211.30  0.0991  0.2838  93.152      38  2222222
    14.0  26.208  35.200  211.13  0.0941  0.2844  93.137     118  2222222
    15.0  26.208  35.200  211.15  0.0934  0.2849  93.126      48  2222222
    16.0  26.209  35.200  211.07  0.0975  0.2841  93.145      71  2222222
    17.0  26.208  35.200  210.78  0.0963  0.2843  93.140     110  2222222
    18.0  26.204  35.200  211.16  0.0892  0.2842  93.142      26  2222222
    19.0  26.201  35.201  211.36  0.0983  0.2843  93.140      94  2222222
    20.0  26.198  35.201  210.84  0.0998  0.2839  93.149      84  2222222
    21.0  26.194  35.201  210.69  0.0992  0.2848  93.128      33  2222222
    22.0  26.183  35.201  211.32  0.0980  0.2843  93.139     124  2222222
    23.0  26.179  35.201  211.42  0.0966  0.2847  93.130      48  2222222
    24.0  26.187  35.201  210.74  0.0936  0.2844  93.139      36  2222222
    25.0  26.167  35.202  211.51  0.0936  0.2836  93.155     134  2222222
    26.0  26.137  35.203  212.95  0.0936  0.2834  93.161      40  2222222
    27.0  26.075  35.205  212.93  0.0936  0.2829  93.171      31  2222222
    28.0  26.019  35.206  213.20  0.0953  0.2829  93.173     156  2222222
    29.0  25.991  35.206  213.12  0.1003  0.2830  93.171      45  2222222
    30.0  25.965  35.206  213.73  0.0936  0.2823  93.186      29  2222222
    31.0  25.955  35.206  213.69  0.0930  0.2824  93.184      37  2222222
    32.0  25.937  35.206  214.79  0.0974  0.2816  93.201     154  2222222
    33.0  25.557  35.213  219.89  0.0982  0.2832  93.167      28  2222222
    34.0  25.411  35.221  219.68  0.0988  0.2875  93.066      29  2222222
    35.0  25.329  35.222  219.26  0.1082  0.2879  93.057     148  2222222
    36.0  25.194  35.220  219.79  0.1047  0.2868  93.082      26  2222222
    37.0  25.069  35.221  221.29  0.1113  0.2888  93.035      32  2222222
    38.0  24.981  35.220  220.98  0.1168  0.2880  93.054     134  2222222
    39.0  24.910  35.220  222.67  0.1168  0.2870  93.077      34  2222222
    40.0  24.839  35.221  223.51  0.1168  0.2866  93.086      33  2222222
    41.0  24.740  35.225  223.30  0.1166  0.2874  93.066      55  2222222
    42.0  24.709  35.225  224.06  0.1299  0.2877  93.060     127  2222222
    43.0  24.546  35.230  226.78  0.1284  0.2893  93.023      30  2222222
    44.0  24.377  35.232  226.64  0.1313  0.2887  93.038      39  2222222
    45.0  24.245  35.231  227.13  0.1398  0.2893  93.023      93  2222222
    46.0  24.032  35.232  227.86  0.1399  0.2898  93.012      43  2222222
    47.0  24.005  35.230  227.93  0.1399  0.2898  93.012      40  2222222
    48.0  24.006  35.229  227.63  0.1448  0.2898  93.012     119  2222222
    49.0  23.989  35.227  227.52  0.1399  0.2898  93.012      47  2222222
    50.0  23.914  35.227  227.93  0.1399  0.2903  93.000      29  2222222
    51.0  23.847  35.227  226.79  0.1419  0.2892  93.026      63  2222222
    52.0  23.843  35.225  228.30  0.1468  0.2890  93.030      62  2222222
    53.0  23.713  35.221  226.81  0.1477  0.2888  93.036      43  2222222
    54.0  23.358  35.221  226.74  0.1427  0.2886  93.040      82  2222222
    55.0  23.312  35.218  225.72  0.1420  0.2893  93.024      62  2222222
    56.0  23.279  35.218  226.97  0.1474  0.2889  93.034      31  2222222
    57.0  23.248  35.217  226.51  0.1459  0.2887  93.037      31  2222222
    58.0  23.124  35.221  226.20  0.1514  0.2880  93.053      43  2222222
    59.0  23.086  35.221  227.00  0.1514  0.2874  93.068     115  2222222
    60.0  22.966  35.227  227.27  0.1426  0.2880  93.054      34  2222222
    61.0  22.911  35.230  227.07  0.1563  0.2879  93.056      38  2222222
    62.0  22.881  35.231  226.96  0.1559  0.2887  93.037      44  2222222
    63.0  22.874  35.229  227.21  0.1597  0.2878  93.059      94  2222222
    64.0  22.864  35.230  227.25  0.1598  0.2884  93.046      32  2222222
    65.0  22.856  35.229  227.67  0.1514  0.2877  93.059      32  2222222
    66.0  22.851  35.229  226.60  0.1597  0.2875  93.065      38  2222222
    67.0  22.853  35.227  226.95  0.1662  0.2875  93.065     144  2222222
    68.0  22.838  35.225  226.49  0.1595  0.2867  93.085      20  2222222
    69.0  22.780  35.226  226.11  0.1514  0.2865  93.089      18  2222222
    70.0  22.743  35.227  226.12  0.1514  0.2866  93.087      19  2222222
    71.0  22.713  35.226  226.16  0.1543  0.2853  93.117      36  2222222
    72.0  22.712  35.224  226.19  0.1651  0.2853  93.116     135  2222222
    73.0  22.692  35.222  225.68  0.1549  0.2850  93.122      30  2222222
    74.0  22.686  35.220  225.08  0.1514  0.2841  93.145      26  2222222
    75.0  22.674  35.218  225.66  0.1588  0.2839  93.149      83  2222222
    76.0  22.596  35.215  224.72  0.1618  0.2844  93.138      52  2222222
    77.0  22.450  35.216  223.29  0.1514  0.2840  93.146      29  2222222
    78.0  22.357  35.220  223.49  0.1557  0.2836  93.157      30  2222222
    79.0  22.313  35.220  223.63  0.1733  0.2829  93.172      97  2222222
    80.0  22.296  35.221  223.99  0.1820  0.2831  93.167      68  2222222
    81.0  22.228  35.221  224.05  0.1647  0.2843  93.140      20  2222222
    82.0  22.183  35.220  223.71  0.1713  0.2831  93.167      25  2222222
    83.0  22.109  35.224  224.91  0.1936  0.2830  93.170      47  2222222
    84.0  22.048  35.222  224.37  0.2042  0.2833  93.163      59  2222222
    85.0  21.911  35.219  223.45  0.2125  0.2809  93.218      64  2222222
    86.0  21.897  35.218  223.80  0.2219  0.2804  93.230      68  2222222
    87.0  21.866  35.215  222.90  0.2121  0.2815  93.206      51  2222222
    88.0  21.829  35.213  223.09  0.2159  0.2817  93.201      39  2222222
    89.0  21.795  35.210  222.86  0.2191  0.2818  93.199      29  2222222
    90.0  21.724  35.207  222.46  0.2253  0.2817  93.201      25  2222222
    91.0  21.681  35.206  223.25  0.2433  0.2808  93.221     130  2222222
    92.0  21.607  35.202  224.00  0.2524  0.2807  93.224      32  2222222
    93.0  21.511  35.200  224.49  0.2430  0.2805  93.229      27  2222222
    94.0  21.447  35.198  224.42  0.2663  0.2806  93.227      34  2222222
    95.0  21.424  35.197  224.36  0.2821  0.2810  93.218      79  2222222
    96.0  21.376  35.193  223.89  0.2900  0.2805  93.229      43  2222222
    97.0  21.266  35.189  222.85  0.3080  0.2827  93.176      27  2222222
    98.0  21.229  35.187  222.49  0.3446  0.2831  93.168      29  2222222
    99.0  21.189  35.184  222.14  0.3737  0.2828  93.176     139  2222222
   100.0  21.145  35.182  221.96  0.3772  0.2828  93.175      31  2222222
   101.0  21.083  35.177  220.24  0.3609  0.2825  93.182      21  2222222
   102.0  21.035  35.175  219.90  0.3922  0.2842  93.142      20  2222222
   103.0  21.017  35.175  219.71  0.4609  0.2848  93.129      25  2222222
   104.0  21.010  35.173  219.52  0.5527  0.2856  93.110      82  2222222
   105.0  20.986  35.169  218.00  0.5814  0.2872  93.072      85  2222222
   106.0  20.884  35.161  215.32  0.7602  0.2958  92.872      29  2222222
   107.0  20.860  35.159  214.41  0.9315  0.2974  92.835      33  2222222
   108.0  20.758  35.155  213.43  0.9608  0.2978  92.825      37  2222222
   109.0  20.664  35.154  213.95  0.9312  0.2980  92.821      48  2222222
   110.0  20.605  35.156  215.05  0.9452  0.2973  92.838      53  2222222
   111.0  20.527  35.155  215.60  0.8768  0.2976  92.829      54  2222222
   112.0  20.476  35.153  217.12  0.8199  0.2962  92.863      45  2222222
   113.0  20.455  35.150  217.92  0.8262  0.2959  92.870      85  2222222
   114.0  20.424  35.147  219.18  0.8179  0.2952  92.886      35  2222222
   115.0  20.377  35.142  218.94  0.7881  0.2946  92.901      28  2222222
   116.0  20.344  35.140  218.59  0.7707  0.2921  92.958      27  2222222
   117.0  20.295  35.136  217.30  0.7460  0.2899  93.008      33  2222222
   118.0  20.233  35.130  217.55  0.7832  0.2885  93.042     142  2222222
   119.0  20.191  35.124  217.94  0.7206  0.2886  93.040      31  2222222
   120.0  20.149  35.119  216.96  0.6635  0.2883  93.048      23  2222222
   121.0  20.100  35.113  215.89  0.6331  0.2871  93.075      28  2222222
   122.0  20.017  35.104  216.25  0.6268  0.2846  93.133      37  2222222
   123.0  19.997  35.100  215.92  0.6677  0.2831  93.166      71  2222222
   124.0  19.887  35.076  213.33  0.6093  0.2829  93.173      45  2222222
   125.0  19.726  35.049  211.60  0.5363  0.2798  93.244      46  2222222
   126.0  19.703  35.044  212.05  0.5437  0.2784  93.278      81  2222222
   127.0  19.649  35.034  212.24  0.5320  0.2788  93.267      47  2222222
   128.0  19.624  35.028  211.06  0.5054  0.2791  93.260      35  2222222
   129.0  19.471  34.988  205.49  0.5001  0.2791  93.260      27  2222222
   130.0  19.192  34.943  200.65  0.4917  0.2769  93.311      30  2222222
   131.0  19.043  34.918  200.29  0.4898  0.2730  93.403      72  2222222
   132.0  18.930  34.891  197.45  0.4897  0.2725  93.414      84  2222222
   133.0  18.766  34.857  194.64  0.4304  0.2707  93.455      31  2222222
   134.0  18.708  34.852  198.43  0.4226  0.2705  93.459      31  2222222
   135.0  18.873  34.920  205.74  0.4236  0.2695  93.484      47  2222222
   136.0  18.901  34.931  204.47  0.4226  0.2687  93.504      37  2222222
   137.0  18.818  34.907  202.03  0.4129  0.2679  93.523      95  2222222
   138.0  18.747  34.890  201.94  0.4089  0.2677  93.527      47  2222222
   139.0  18.700  34.882  201.38  0.3763  0.2678  93.525      30  2222222
   140.0  18.477  34.844  197.48  0.3618  0.2667  93.550      28  2222222
   141.0  18.208  34.800  194.21  0.3485  0.2650  93.590      47  2222222
   142.0  18.144  34.786  193.94  0.3447  0.2636  93.622      75  2222222
   143.0  18.115  34.777  194.56  0.3067  0.2633  93.628      38  2222222
   144.0  18.109  34.776  194.67  0.2868  0.2630  93.636      32  2222222
   145.0  18.104  34.775  194.38  0.2931  0.2624  93.651      45  2222222
   146.0  18.098  34.775  194.82  0.3069  0.2617  93.666      56  2222222
   147.0  18.042  34.804  200.26  0.2771  0.2607  93.689      52  2222222
   148.0  18.009  34.819  201.79  0.2504  0.2591  93.729      60  2222222
   149.0  17.924  34.806  200.29  0.2250  0.2595  93.719      40  2222222
   150.0  17.899  34.801  200.07  0.2374  0.2597  93.714      63  2222222
   151.0  17.877  34.797  200.73  0.2409  0.2594  93.721      36  2222222
   152.0  17.838  34.796  200.72  0.2214  0.2595  93.719      30  2222222
   153.0  17.799  34.799  201.60  0.2256  0.2593  93.723      45  2222222
   154.0  17.787  34.805  202.37  0.2315  0.2591  93.729      47  2222222
   155.0  17.789  34.807  202.58  0.2192  0.2582  93.749      80  2222222
   156.0  17.792  34.812  204.52  0.2094  0.2579  93.756      35  2222222
   157.0  17.789  34.831  209.37  0.1916  0.2572  93.773      25  2222222
   158.0  17.800  34.846  211.30  0.1714  0.2560  93.800      26  2222222
   159.0  17.811  34.851  212.53  0.1549  0.2549  93.826      36  2222222
   160.0  17.775  34.857  212.98  0.1670  0.2537  93.855      66  2222222
   161.0  17.668  34.841  210.97  0.1560  0.2542  93.842      43  2222222
   162.0  17.635  34.833  210.38  0.1284  0.2541  93.847      30  2222222
   163.0  17.614  34.828  208.60  0.1284  0.2542  93.844      28  2222222
   164.0  17.542  34.816  208.69  0.1370  0.2541  93.847      40  2222222
   165.0  17.521  34.823  212.62  0.1474  0.2536  93.857      59  2222222
   166.0  17.430  34.818  213.91  0.1345  0.2522  93.890      41  2222222
   167.0  17.348  34.803  212.32  0.1137  0.2520  93.895      30  2222222
   168.0  17.211  34.792  212.64  0.1052  0.2520  93.894      25  2222222
   169.0  17.119  34.783  213.01  0.1012  0.2518  93.900      29  2222222
   170.0  17.078  34.775  212.31  0.1015  0.2519  93.897      50  2222222
   171.0  16.890  34.748  211.55  0.1052  0.2517  93.901      39  2222222
   172.0  16.770  34.728  209.84  0.0920  0.2509  93.919      35  2222222
   173.0  16.691  34.714  209.42  0.0821  0.2506  93.927      39  2222222
   174.0  16.648  34.707  209.19  0.0821  0.2502  93.937      37  2222222
   175.0  16.617  34.703  209.12  0.0817  0.2500  93.941      31  2222222
   176.0  16.530  34.691  210.02  0.0821  0.2501  93.939      26  2222222
   177.0  16.455  34.682  209.96  0.0821  0.2501  93.940      23  2222222
   178.0  16.411  34.674  209.07  0.0790  0.2499  93.943      22  2222222
   179.0  16.370  34.666  208.42  0.0706  0.2500  93.942      25  2222222
   180.0  16.314  34.660  208.83  0.0717  0.2494  93.956      52  2222222
   181.0  16.312  34.658  208.69  0.0818  0.2494  93.955      48  2222222
   182.0  16.243  34.648  209.29  0.0815  0.2490  93.965      22  2222222
   183.0  16.187  34.647  209.84  0.0706  0.2490  93.967      19  2222222
   184.0  16.175  34.644  210.16  0.0619  0.2483  93.980      20  2222222
   185.0  16.105  34.636  209.60  0.0590  0.2487  93.973      26  2222222
   186.0  15.999  34.616  208.00  0.0590  0.2483  93.981      36  2222222
   187.0  15.843  34.596  207.21  0.0641  0.2485  93.976      57  2222222
   188.0  15.794  34.589  207.63  0.0587  0.2486  93.974      36  2222222
   189.0  15.780  34.586  207.29  0.0590  0.2486  93.975      21  2222222
   190.0  15.747  34.580  207.45  0.0590  0.2486  93.976      17  2222222
   191.0  15.672  34.570  208.13  0.0590  0.2481  93.986      18  2222222
   192.0  15.634  34.573  208.76  0.0590  0.2478  93.993      21  2222222
   193.0  15.610  34.573  208.95  0.0590  0.2478  93.993      35  2222222
   194.0  15.586  34.572  209.19  0.0590  0.2471  94.010      66  2222222
   195.0  15.552  34.569  209.63  0.0573  0.2471  94.010      41  2222222
   196.0  15.480  34.560  209.99  0.0481  0.2470  94.013      22  2222222
   197.0  15.430  34.556  210.20  0.0590  0.2472  94.008      18  2222222
   198.0  15.404  34.553  209.92  0.0511  0.2468  94.017      16  2222222
   199.0  15.377  34.549  209.49  0.0475  0.2469  94.016      17  2222222
   200.0  15.348  34.547  209.38  0.0475  0.2473  94.005      23  2222222
   201.0  15.330  34.546  209.24  0.0523  0.2475  94.000      48  2222222
   202.0  15.269  34.540  210.92  0.0552  0.2474  94.002      42  2222222
   203.0  15.212  34.536  212.12  0.0538  0.2472  94.007      29  2222222
   204.0  15.160  34.532  213.17  0.0511  0.2468  94.017      26  2222222
   205.0  15.065  34.521  213.74  0.0470  0.2468  94.017      23  2222222
   206.0  14.970  34.513  213.54  0.0470  0.2468  94.018      23  2222222
   207.0  14.883  34.505  213.08  0.0470  0.2468  94.018      26  2222222
   208.0  14.860  34.502  213.10  0.0470  0.2468  94.016      27  2222222
   209.0  14.838  34.497  212.86  0.0546  0.2466  94.022      31  2222222
   210.0  14.746  34.485  212.78  0.0494  0.2464  94.026      37  2222222
   211.0  14.652  34.476  212.83  0.0475  0.2466  94.022      27  2222222
   212.0  14.637  34.472  212.41  0.0469  0.2463  94.029      22  2222222
   213.0  14.587  34.464  212.70  0.0470  0.2461  94.034      25  2222222
   214.0  14.481  34.454  212.67  0.0472  0.2461  94.032      39  2222222
   215.0  14.424  34.447  212.09  0.0469  0.2461  94.034      43  2222222
   216.0  14.357  34.435  211.58  0.0470  0.2457  94.041      27  2222222
   217.0  14.236  34.426  212.82  0.0470  0.2463  94.029      24  2222222
   218.0  14.191  34.420  212.77  0.0475  0.2462  94.030      21  2222222
   219.0  14.170  34.418  211.93  0.0475  0.2459  94.038      19  2222222
   220.0  14.129  34.405  212.43  0.0464  0.2457  94.041      20  2222222
   221.0  13.968  34.396  212.95  0.0469  0.2458  94.040      22  2222222
   222.0  13.922  34.395  212.79  0.0457  0.2457  94.041      32  2222222
   223.0  13.892  34.393  213.33  0.0467  0.2452  94.054      48  2222222
   224.0  13.872  34.392  214.57  0.0467  0.2448  94.062      29  2222222
   225.0  13.825  34.387  214.76  0.0455  0.2451  94.055      23  2222222
   226.0  13.761  34.380  214.91  0.0464  0.2455  94.045      20  2222222
   227.0  13.677  34.369  215.57  0.0475  0.2454  94.048      19  2222222
   228.0  13.606  34.367  215.44  0.0475  0.2451  94.055      21  2222222
   229.0  13.527  34.356  214.47  0.0469  0.2457  94.041      21  2222222
   230.0  13.454  34.347  214.29  0.0465  0.2456  94.045      22  2222222
   231.0  13.339  34.341  214.66  0.0475  0.2450  94.060      27  2222222
   232.0  13.302  34.338  214.02  0.0471  0.2447  94.067      34  2222222
   233.0  13.271  34.335  214.06  0.0475  0.2442  94.078      31  2222222
   234.0  13.252  34.334  214.40  0.0475  0.2446  94.068      20  2222222
   235.0  13.236  34.330  214.46  0.0475  0.2445  94.071      18  2222222
   236.0  13.207  34.329  214.59  0.0462  0.2447  94.066      17  2222222
   237.0  13.184  34.328  214.63  0.0517  0.2447  94.066      19  2222222
   238.0  13.166  34.327  215.04  0.0558  0.2447  94.066      25  2222222
   239.0  13.145  34.326  215.39  0.0465  0.2446  94.069      36  2222222
   240.0  13.116  34.323  215.49  0.0475  0.2445  94.070      37  2222222
   241.0  13.066  34.320  215.37  0.0470  0.2443  94.076      24  2222222
   242.0  13.028  34.317  214.89  0.0475  0.2440  94.084      19  2222222
   243.0  12.996  34.313  215.03  0.0456  0.2438  94.089      18  2222222
   244.0  12.966  34.312  215.41  0.0468  0.2439  94.085      18  2222222
   245.0  12.951  34.311  215.44  0.0463  0.2439  94.085      19  2222222
   246.0  12.933  34.310  215.10  0.0469  0.2443  94.076      21  2222222
   247.0  12.909  34.308  214.89  0.0471  0.2441  94.081      29  2222222
   248.0  12.832  34.304  214.84  0.0475  0.2438  94.089      39  2222222
   249.0  12.799  34.303  215.63  0.0472  0.2439  94.086      42  2222222
   250.0  12.789  34.301  215.58  0.0475  0.2437  94.090      23  2222222
   251.0  12.781  34.300  215.42  0.0463  0.2437  94.090      19  2222222
   252.0  12.776  34.300  215.43  0.0468  0.2437  94.090      17  2222222
   253.0  12.772  34.299  215.62  0.0467  0.2438  94.089      16  2222222
   254.0  12.769  34.298  215.26  0.0475  0.2436  94.092      17  2222222
   255.0  12.761  34.298  214.83  0.0475  0.2437  94.090      22  2222222
   256.0  12.755  34.297  215.73  0.0471  0.2438  94.087      34  2222222
   257.0  12.749  34.296  216.35  0.0467  0.2439  94.086      31  2222222
   258.0  12.735  34.294  216.21  0.0475  0.2437  94.090      23  2222222
   259.0  12.721  34.292  215.76  0.0469  0.2437  94.090      20  2222222
   260.0  12.685  34.286  215.45  0.0475  0.2437  94.090      19  2222222
   261.0  12.624  34.281  214.94  0.0475  0.2449  94.061      18  2222222
   262.0  12.542  34.278  214.96  0.0475  0.2445  94.071      19  2222222
   263.0  12.512  34.279  215.18  0.0475  0.2437  94.091      23  2222222
   264.0  12.490  34.277  214.75  0.0471  0.2436  94.092      62  2222222
   265.0  12.473  34.274  214.81  0.0472  0.2436  94.092      37  2222222
   266.0  12.451  34.273  215.07  0.0469  0.2433  94.098      22  2222222
   267.0  12.442  34.272  214.90  0.0475  0.2436  94.093      17  2222222
   268.0  12.426  34.270  215.04  0.0475  0.2435  94.094      14  2222222
   269.0  12.413  34.270  215.18  0.0475  0.2431  94.104      14  2222222
   270.0  12.400  34.269  215.61  0.0466  0.2435  94.096      14  2222222
   271.0  12.393  34.270  215.57  0.0475  0.2437  94.090      19  2222222
   272.0  12.386  34.269  215.24  0.0471  0.2439  94.086      28  2222222
   273.0  12.371  34.268  215.38  0.0472  0.2435  94.094      36  2222222
   274.0  12.311  34.264  215.28  0.0471  0.2436  94.093      31  2222222
   275.0  12.257  34.261  215.72  0.0470  0.2434  94.098      23  2222222
   276.0  12.200  34.259  216.30  0.0469  0.2430  94.105      20  2222222
   277.0  12.188  34.259  215.73  0.0469  0.2434  94.098      19  2222222
   278.0  12.187  34.257  215.31  0.0469  0.2433  94.099      21  2222222
   279.0  12.111  34.251  215.46  0.0475  0.2428  94.111      24  2222222
   280.0  12.054  34.251  215.66  0.0468  0.2427  94.113      37  2222222
   281.0  12.051  34.250  215.34  0.0466  0.2430  94.107      42  2222222
   282.0  12.046  34.249  215.11  0.0458  0.2439  94.086      20  2222222
   283.0  12.028  34.247  214.89  0.0467  0.2431  94.104      16  2222222
   284.0  12.013  34.247  215.20  0.0475  0.2435  94.095      16  2222222
   285.0  11.986  34.244  215.26  0.0475  0.2426  94.115      17  2222222
   286.0  11.961  34.244  215.11  0.0469  0.2426  94.115      21  2222222
   287.0  11.924  34.243  215.05  0.0470  0.2426  94.114      25  2222222
   288.0  11.893  34.242  215.02  0.0466  0.2426  94.115      27  2222222
   289.0  11.868  34.240  214.95  0.0475  0.2426  94.115      25  2222222
   290.0  11.858  34.240  214.75  0.0467  0.2427  94.113      29  2222222
   291.0  11.848  34.239  214.52  0.0472  0.2427  94.113      36  2222222
   292.0  11.836  34.237  214.13  0.0471  0.2426  94.115      29  2222222
   293.0  11.802  34.234  214.04  0.0475  0.2427  94.114      20  2222222
   294.0  11.780  34.233  214.07  0.0468  0.2426  94.115      17  2222222
   295.0  11.768  34.233  214.28  0.0462  0.2427  94.113      17  2222222
   296.0  11.758  34.232  214.29  0.0475  0.2427  94.113      22  2222222
   297.0  11.748  34.231  214.27  0.0475  0.2428  94.109      31  2222222
   298.0  11.736  34.230  213.71  0.0462  0.2426  94.114      36  2222222
   299.0  11.713  34.227  213.47  0.0466  0.2426  94.115      26  2222222
   300.0  11.695  34.227  213.07  0.0475  0.2426  94.115      24  2222222
   301.0  11.660  34.224  213.93  0.0465  0.2426  94.115      23  2222222
   302.0  11.570  34.230  214.64  0.0470  0.2426  94.115      27  2222222
   303.0  11.583  34.228  214.31  0.0470  0.2425  94.118      27  2222222
   304.0  11.565  34.227  214.51  0.0465  0.2427  94.112      23  2222222
   305.0  11.557  34.228  214.46  0.0469  0.2427  94.113      21  2222222
   306.0  11.562  34.227  214.17  0.0475  0.2426  94.116      20  2222222
   307.0  11.557  34.227  214.09  0.0465  0.2426  94.115      22  2222222
   308.0  11.543  34.226  214.14  0.0463  0.2426  94.115      29  2222222
   309.0  11.501  34.226  214.65  0.0453  0.2425  94.118      32  2222222
   310.0  11.455  34.226  214.26  0.0471  0.2420  94.130      30  2222222
   311.0  11.446  34.225  213.95  0.0469  0.2422  94.125      22  2222222
   312.0  11.416  34.225  214.17  0.0464  0.2423  94.122      20  2222222
   313.0  11.416  34.226  214.30  0.0469  0.2425  94.116      19  2222222
   314.0  11.419  34.225  214.49  0.0475  0.2424  94.119      21  2222222
   315.0  11.409  34.225  214.64  0.0475  0.2423  94.122      26  2222222
   316.0  11.392  34.224  214.06  0.0468  0.2420  94.130      33  2222222
   317.0  11.374  34.224  213.97  0.0469  0.2424  94.121      41  2222222
   318.0  11.374  34.222  214.95  0.0475  0.2426  94.116      34  2222222
   319.0  11.368  34.223  214.39  0.0469  0.2458  94.040      22  2222222
   320.0  11.346  34.215  214.37  0.0463  0.2418  94.134      19  2222222
   321.0  11.246  34.220  214.47  0.0468  0.2421  94.126      17  2222222
   322.0  11.238  34.218  214.52  0.0468  0.2421  94.126      17  2222222
   323.0  11.226  34.216  213.93  0.0461  0.2422  94.126      16  2222222
   324.0  11.208  34.213  213.00  0.0463  0.2426  94.116      19  2222222
   325.0  11.180  34.209  212.22  0.0465  0.2427  94.112      25  2222222
   326.0  11.134  34.206  211.80  0.0462  0.2425  94.117      35  2222222
   327.0  11.097  34.204  211.91  0.0468  0.2423  94.122      36  2222222
   328.0  11.082  34.204  211.51  0.0462  0.2421  94.127      27  2222222
   329.0  11.068  34.203  211.64  0.0475  0.2421  94.128      21  2222222
   330.0  11.063  34.204  211.98  0.0475  0.2423  94.123      18  2222222
   331.0  11.060  34.203  212.13  0.0462  0.2423  94.122      18  2222222
   332.0  11.055  34.203  211.88  0.0447  0.2425  94.118      16  2222222
   333.0  11.041  34.203  211.74  0.0452  0.2426  94.115      20  2222222
   334.0  11.026  34.202  211.37  0.0463  0.2426  94.115      29  2222222
   335.0  11.018  34.201  212.00  0.0460  0.2422  94.125      39  2222222
   336.0  10.992  34.200  211.50  0.0514  0.2416  94.139      24  2222222
   337.0  10.973  34.196  210.29  0.0555  0.2422  94.126      20  2222222
   338.0  10.846  34.181  209.36  0.0457  0.2422  94.125      19  2222222
   339.0  10.775  34.183  207.90  0.0469  0.2426  94.116      21  2222222
   340.0  10.731  34.180  206.90  0.0462  0.2424  94.120      26  2222222
   341.0  10.706  34.181  207.17  0.0462  0.2422  94.125      27  2222222
   342.0  10.682  34.180  207.80  0.0466  0.2423  94.123      27  2222222
   343.0  10.647  34.179  207.81  0.0467  0.2419  94.133      32  2222222
   344.0  10.616  34.177  207.21  0.0583  0.2421  94.126      30  2222222
   345.0  10.581  34.175  207.06  0.0559  0.2425  94.117      22  2222222
   346.0  10.570  34.175  207.08  0.0462  0.2417  94.136      18  2222222
   347.0  10.565  34.173  207.08  0.0456  0.2426  94.115      18  2222222
   348.0  10.544  34.172  206.67  0.0443  0.2423  94.122      18  2222222
   349.0  10.540  34.172  206.25  0.0456  0.2423  94.122      18  2222222
   350.0  10.530  34.171  206.23  0.0469  0.2426  94.115      22  2222222
   351.0  10.525  34.172  206.30  0.0451  0.2426  94.115      29  2222222
   352.0  10.503  34.169  206.07  0.0586  0.2420  94.131      45  2222222
   353.0  10.487  34.168  205.11  0.0460  0.2421  94.128      30  2222222
   354.0  10.486  34.168  205.86  0.0452  0.2418  94.134      25  2222222
   355.0  10.477  34.167  205.84  0.0438  0.2426  94.116      25  2222222
   356.0  10.457  34.162  205.22  0.0446  0.2426  94.115      20  2222222
   357.0  10.387  34.158  204.54  0.0447  0.2425  94.116      17  2222222
   358.0  10.340  34.156  203.80  0.0421  0.2426  94.115      15  2222222
   359.0  10.298  34.151  202.88  0.0439  0.2425  94.118      16  2222222
   360.0  10.259  34.151  202.38  0.0456  0.2443  94.076      25  2222222
   361.0  10.243  34.149  202.28  0.0448  0.2422  94.126      57  2222222
   362.0  10.235  34.148  202.07  0.0443  0.2416  94.138      29  2222222
   363.0  10.236  34.146  201.66  0.0457  0.2425  94.117      19  2222222
   364.0  10.173  34.136  201.47  0.0444  0.2425  94.116      15  2222222
   365.0  10.123  34.137  201.31  0.0461  0.2425  94.118      16  2222222
   366.0  10.109  34.140  201.04  0.0444  0.2430  94.107      15  2222222
   367.0  10.110  34.140  200.86  0.0467  0.2437  94.090      16  2222222
   368.0  10.107  34.139  200.56  0.0590  0.2432  94.101      21  2222222
   369.0  10.095  34.139  199.93  0.0456  0.2426  94.116      31  2222222
   370.0  10.064  34.137  199.06  0.0446  0.2419  94.132      40  2222222
   371.0   9.989  34.132  198.08  0.0451  0.2422  94.125      34  2222222
   372.0   9.929  34.131  197.35  0.0563  0.2425  94.117      29  2222222
   373.0   9.923  34.130  198.02  0.0440  0.2423  94.122      23  2222222
   374.0   9.918  34.129  198.20  0.0457  0.2422  94.124      19  2222222
   375.0   9.912  34.128  197.77  0.0529  0.2420  94.129      17  2222222
   376.0   9.866  34.120  197.35  0.0584  0.2424  94.120      18  2222222
   377.0   9.816  34.120  197.04  0.0585  0.2426  94.115      19  2222222
   378.0   9.794  34.119  196.49  0.0441  0.2419  94.131      24  2222222
   379.0   9.787  34.118  196.06  0.0446  0.2423  94.121      31  2222222
   380.0   9.773  34.117  195.56  0.0549  0.2417  94.138      33  2222222
   381.0   9.764  34.117  195.43  0.0426  0.2416  94.139      26  2222222
   382.0   9.759  34.116  195.57  0.0449  0.2417  94.137      23  2222222
   383.0   9.753  34.115  195.74  0.0481  0.2419  94.131      21  2222222
   384.0   9.722  34.110  195.57  0.0579  0.2423  94.122      21  2222222
   385.0   9.659  34.108  194.92  0.0590  0.2416  94.139      20  2222222
   386.0   9.637  34.108  194.35  0.0578  0.2418  94.135      19  2222222
   387.0   9.618  34.106  193.62  0.0577  0.2420  94.128      18  2222222
   388.0   9.588  34.105  192.99  0.0565  0.2416  94.139      23  2222222
   389.0   9.565  34.104  192.90  0.0447  0.2416  94.138      37  2222222
   390.0   9.557  34.103  193.32  0.0539  0.2416  94.138      36  2222222
   391.0   9.537  34.100  193.10  0.0475  0.2418  94.134      29  2222222
   392.0   9.469  34.098  192.28  0.0590  0.2416  94.138      23  2222222
   393.0   9.437  34.098  191.17  0.0590  0.2416  94.139      19  2222222
   394.0   9.424  34.095  190.32  0.0497  0.2417  94.138      16  2222222
   395.0   9.362  34.090  189.65  0.0453  0.2419  94.133      16  2222222
   396.0   9.309  34.093  188.51  0.0577  0.2417  94.136      18  2222222
   397.0   9.293  34.092  187.43  0.0576  0.2417  94.136      25  2222222
   398.0   9.280  34.091  186.96  0.0579  0.2419  94.132      49  2222222
   399.0   9.275  34.090  187.06  0.0584  0.2418  94.135      33  2222222
   400.0   9.272  34.090  186.93  0.0586  0.2416  94.139      25  2222222
   401.0   9.267  34.089  187.30  0.0574  0.2417  94.137      21  2222222
   402.0   9.257  34.088  187.27  0.0569  0.2417  94.138      16  2222222
   403.0   9.244  34.088  187.12  0.0583  0.2416  94.139      16  2222222
   404.0   9.239  34.087  186.79  0.0459  0.2417  94.137      14  2222222
   405.0   9.213  34.084  185.94  0.0482  0.2416  94.139      16  2222222
   406.0   9.164  34.085  184.95  0.0579  0.2417  94.138      20  2222222
   407.0   9.097  34.081  182.51  0.0580  0.2416  94.138      55  2222222
   408.0   9.042  34.081  180.85  0.0514  0.2419  94.132      45  2222222
   409.0   9.008  34.082  179.72  0.0563  0.2415  94.142      21  2222222
   410.0   9.005  34.081  179.78  0.0518  0.2415  94.142      16  2222222
   411.0   9.000  34.080  179.51  0.0442  0.2416  94.139      14  2222222
   412.0   8.991  34.080  179.05  0.0541  0.2416  94.139      14  2222222
   413.0   8.983  34.080  178.63  0.0590  0.2416  94.139      14  2222222
   414.0   8.973  34.079  178.30  0.0575  0.2416  94.139      15  2222222
   415.0   8.960  34.079  177.96  0.0571  0.2416  94.139      25  2222222
   416.0   8.977  34.078  178.30  0.0536  0.2415  94.141      96  2222222
   417.0   8.922  34.073  177.94  0.0577  0.2416  94.139      18  2222222
   418.0   8.861  34.076  177.14  0.0574  0.2416  94.139      14  2222222
   419.0   8.843  34.076  176.06  0.0582  0.2416  94.139      14  2222222
   420.0   8.840  34.076  175.10  0.0564  0.2416  94.139      13  2222222
   421.0   8.838  34.075  174.60  0.0552  0.2416  94.139      12  2222222
   422.0   8.826  34.074  174.20  0.0447  0.2414  94.143      12  2222222
   423.0   8.812  34.075  174.02  0.0457  0.2412  94.149      13  2222222
   424.0   8.806  34.074  173.88  0.0574  0.2414  94.143      28  2222222
   425.0   8.814  34.073  174.14  0.0582  0.2415  94.141      69  2222222
   426.0   8.778  34.071  174.07  0.0569  0.2414  94.145      22  2222222
   427.0   8.750  34.071  173.25  0.0577  0.2414  94.144      17  2222222
   428.0   8.727  34.069  172.40  0.0576  0.2415  94.141      16  2222222
   429.0   8.649  34.067  171.36  0.0575  0.2416  94.139      15  2222222
   430.0   8.616  34.069  170.01  0.0561  0.2416  94.139      16  2222222
   431.0   8.590  34.069  168.12  0.0575  0.2416  94.140      23  2222222
   432.0   8.572  34.067  166.61  0.0576  0.2416  94.140      49  2222222
   433.0   8.535  34.067  165.44  0.0574  0.2414  94.143      43  2222222
   434.0   8.506  34.066  164.30  0.0559  0.2412  94.148      22  2222222
   435.0   8.466  34.060  163.53  0.0577  0.2415  94.141      17  2222222
   436.0   8.379  34.062  162.16  0.0568  0.2415  94.143      15  2222222
   437.0   8.362  34.064  160.92  0.0582  0.2410  94.151      14  2222222
   438.0   8.360  34.063  159.72  0.0590  0.2412  94.149      13  2222222
   439.0   8.325  34.059  158.78  0.0634  0.2415  94.141      16  2222222
   440.0   8.289  34.063  157.52  0.0631  0.2415  94.140      20  2222222
   441.0   8.278  34.062  156.25  0.0647  0.2409  94.155      43  2222222
   442.0   8.269  34.061  156.11  0.0623  0.2405  94.164      53  2222222
   443.0   8.252  34.061  156.12  0.0575  0.2405  94.162      23  2222222
   444.0   8.246  34.059  155.72  0.0590  0.2407  94.160      18  2222222
   445.0   8.228  34.061  155.03  0.0584  0.2412  94.147      18  2222222
   446.0   8.220  34.060  154.05  0.0584  0.2415  94.141      18  2222222
   447.0   8.192  34.060  153.22  0.0590  0.2406  94.161      20  2222222
   448.0   8.162  34.060  152.56  0.0667  0.2406  94.161      21  2222222
   449.0   8.146  34.060  151.92  0.0680  0.2410  94.152      27  2222222
   450.0   8.144  34.060  151.54  0.0646  0.2412  94.147      39  2222222
   451.0   8.141  34.060  151.82  0.0613  0.2405  94.163      30  2222222
   452.0   8.129  34.059  152.04  0.0654  0.2405  94.164      20  2222222
   453.0   8.116  34.059  151.83  0.0657  0.2405  94.164      21  2222222
   454.0   8.097  34.059  151.66  0.0590  0.2407  94.158      18  2222222
   455.0   8.088  34.059  151.38  0.0573  0.2409  94.154      20  2222222
   456.0   8.081  34.058  150.95  0.0569  0.2407  94.159      26  2222222
   457.0   8.027  34.057  149.75  0.0560  0.2405  94.164      38  2222222
   458.0   7.986  34.058  148.38  0.0601  0.2405  94.164      33  2222222
   459.0   7.975  34.057  148.05  0.0648  0.2405  94.164      22  2222222
   460.0   7.959  34.058  148.08  0.0674  0.2408  94.157      18  2222222
   461.0   7.928  34.055  147.71  0.0670  0.2410  94.153      16  2222222
   462.0   7.901  34.058  146.91  0.0656  0.2410  94.153      16  2222222
   463.0   7.886  34.057  146.32  0.0677  0.2409  94.155      16  2222222
   464.0   7.876  34.057  145.89  0.0585  0.2406  94.162      20  2222222
   465.0   7.866  34.057  145.50  0.0587  0.2407  94.160      30  2222222
   466.0   7.845  34.056  145.10  0.0630  0.2407  94.160      49  2222222
   467.0   7.819  34.056  144.90  0.0665  0.2405  94.163      34  2222222
   468.0   7.795  34.054  144.37  0.0658  0.2405  94.162      22  2222222
   469.0   7.772  34.054  143.54  0.0661  0.2406  94.161      18  2222222
   470.0   7.741  34.052  142.67  0.0635  0.2407  94.158      18  2222222
   471.0   7.706  34.053  141.58  0.0634  0.2405  94.164      21  2222222
   472.0   7.685  34.053  140.29  0.0645  0.2405  94.164      23  2222222
   473.0   7.669  34.053  139.70  0.0560  0.2404  94.166      23  2222222
   474.0   7.664  34.053  139.63  0.0574  0.2405  94.165      22  2222222
   475.0   7.656  34.052  139.81  0.0639  0.2405  94.164      26  2222222
   476.0   7.647  34.052  139.53  0.0640  0.2410  94.151      32  2222222
   477.0   7.638  34.052  139.85  0.0657  0.2405  94.164      28  2222222
   478.0   7.626  34.052  139.35  0.0645  0.2419  94.133      23  2222222
   479.0   7.617  34.051  138.70  0.0657  0.2406  94.162      19  2222222
   480.0   7.580  34.050  138.12  0.0645  0.2405  94.164      19  2222222
   481.0   7.554  34.052  137.44  0.0629  0.2405  94.164      18  2222222
   482.0   7.541  34.052  136.67  0.0624  0.2407  94.160      27  2222222
   483.0   7.534  34.051  136.27  0.0637  0.2404  94.165      47  2222222
   484.0   7.523  34.051  136.12  0.0593  0.2405  94.164      36  2222222
   485.0   7.497  34.049  135.64  0.0640  0.2407  94.158      23  2222222
   486.0   7.448  34.049  134.94  0.0640  0.2404  94.165      16  2222222
   487.0   7.440  34.048  134.28  0.0659  0.2401  94.173      15  2222222
   488.0   7.420  34.047  133.70  0.0644  0.2404  94.165      17  2222222
   489.0   7.382  34.044  133.15  0.0635  0.2405  94.164      18  2222222
   490.0   7.318  34.046  132.30  0.0624  0.2405  94.164      34  2222222
   491.0   7.304  34.044  131.21  0.0626  0.2401  94.174      65  2222222
   492.0   7.286  34.043  131.33  0.0626  0.2402  94.172      29  2222222
   493.0   7.271  34.043  131.14  0.0629  0.2405  94.164      21  2222222
   494.0   7.264  34.043  131.14  0.0625  0.2404  94.165      20  2222222
   495.0   7.255  34.042  130.97  0.0624  0.2401  94.172      17  2222222
   496.0   7.241  34.041  130.67  0.0627  0.2405  94.164      19  2222222
   497.0   7.208  34.040  130.36  0.0629  0.2405  94.164      18  2222222
   498.0   7.155  34.040  129.28  0.0624  0.2405  94.164      24  2222222
   499.0   7.140  34.040  128.12  0.0630  0.2403  94.168     115  2222222
   500.0   7.099  34.038  127.63  0.0637  0.2404  94.167      30  2222222
   501.0   7.065  34.038  126.46  0.0642  0.2400  94.175     267  2222222
   502.0   7.041  34.038  125.50  0.0633  0.2399  94.177     611  2222222
   503.0   7.033  34.037  125.09  0.0619  0.2396  94.185     184  2222222
   504.0   7.028  34.037  125.12  0.0648  0.2395  94.188      30  2222222
   505.0   7.025  34.037  124.69  0.0706  0.2395  94.187      23  2222222
   506.0   7.020  34.037  124.78  0.0623  0.2396  94.185      21  2222222
   507.0   7.015  34.037  124.62  0.0632  0.2395  94.188      22  2222222
   508.0   7.006  34.037  124.41  0.0610  0.2395  94.188      29  2222222
   509.0   6.985  34.037  123.37  0.0611  0.2397  94.183      61  2222222
   510.0   6.954  34.038  121.27  0.0602  0.2395  94.187      40  2222222
   511.0   6.934  34.041  118.93  0.0623  0.2396  94.186      28  2222222
   512.0   6.908  34.044  116.72  0.0710  0.2396  94.186      26  2222222
   513.0   6.882  34.044  115.60  0.0625  0.2395  94.187      33  2222222
   514.0   6.840  34.045  115.13  0.0610  0.2397  94.184      53  2222222
   515.0   6.816  34.044  115.72  0.0609  0.2395  94.188      49  2222222
   516.0   6.797  34.044  116.33  0.0615  0.2395  94.189      28  2222222
   517.0   6.786  34.043  116.10  0.0630  0.2395  94.188      23  2222222
   518.0   6.769  34.044  116.36  0.0613  0.2395  94.188      25  2222222
   519.0   6.768  34.043  115.86  0.0624  0.2396  94.186     206  2222222
   520.0   6.757  34.043  115.59  0.0615  0.2396  94.185     220  2222222
   521.0   6.752  34.042  115.36  0.0616  0.2395  94.188       9  2222222
