  CTDPRS  CTDTMP  CTDSAL  CTDOXY  CHLPIG BEAM.AT   XMISS  NUMBER   QUALT1
    DBAR  ITS-90  PSS-78  uMOL/L    uG/L     1/M       %     OBS.       *
 ******* ******* ******* ******* ******* ******* *******                *
     3.0  26.543  35.110  210.36  0.0384  0.2901  93.005      70  2222233
     4.0  26.544  35.110  210.20  0.0551  0.3226  92.263     325  2222233
     5.0  26.546  35.109  210.13  0.0591  0.3400  91.862     366  2222233
     6.0  26.549  35.109  209.75  0.0678  0.4651  89.026      21  2222233
     7.0  26.549  35.110  209.71  0.0601  0.3865  90.791      98  2222233
     8.0  26.548  35.110  210.07  0.0595  0.3883  90.749      89  2222233
     9.0  26.545  35.110  209.88  0.0543  0.4120  90.212      32  2222233
    10.0  26.542  35.111  209.34  0.0590  0.3924  90.657      31  2222233
    11.0  26.543  35.111  209.48  0.0605  0.2974  92.836     119  2222233
    12.0  26.542  35.110  210.06  0.0629  0.2912  92.979      27  2222233
    13.0  26.543  35.110  210.52  0.0655  0.2889  93.034      18  2222233
    14.0  26.543  35.110  210.36  0.0626  0.2914  92.975      48  2222233
    15.0  26.542  35.111  210.15  0.0590  0.2829  93.172     115  2222233
    16.0  26.536  35.110  210.34  0.0590  0.2876  93.062      21  2222233
    17.0  26.530  35.109  210.09  0.0634  0.2785  93.274      16  2222233
    18.0  26.531  35.110  209.32  0.0706  0.2714  93.440      31  2222222
    19.0  26.530  35.109  209.84  0.0624  0.2719  93.428     129  2222222
    20.0  26.516  35.108  209.94  0.0658  0.2711  93.447      32  2222222
    21.0  26.512  35.108  209.27  0.0607  0.2725  93.413      41  2222222
    22.0  26.497  35.110  209.36  0.0640  0.2748  93.360      74  2222222
    23.0  26.486  35.118  210.77  0.0704  0.2762  93.329      53  2222222
    24.0  26.453  35.138  210.92  0.0706  0.2757  93.341      55  2222222
    25.0  26.407  35.158  211.41  0.0796  0.2744  93.371      59  2222222
    26.0  26.297  35.183  212.69  0.0755  0.2736  93.390      45  2222222
    27.0  26.099  35.187  214.49  0.0727  0.2717  93.433      51  2222222
    28.0  25.950  35.183  215.92  0.0734  0.2700  93.472     101  2222222
    29.0  25.766  35.177  217.86  0.0770  0.2712  93.445      27  2222222
    30.0  25.503  35.179  219.82  0.0818  0.2725  93.414      37  2222222
    31.0  25.443  35.179  219.87  0.0820  0.2736  93.388     109  2222222
    32.0  25.311  35.179  220.69  0.0821  0.2738  93.384      30  2222222
    33.0  25.274  35.178  220.42  0.0787  0.2739  93.382      91  2222222
    34.0  25.236  35.178  220.71  0.0821  0.2729  93.405      59  2222222
    35.0  25.204  35.179  220.28  0.0899  0.2732  93.397      49  2222222
    36.0  25.178  35.181  220.64  0.0913  0.2726  93.412      53  2222222
    37.0  25.126  35.188  220.90  0.0886  0.2729  93.406      44  2222222
    38.0  25.042  35.198  222.10  0.0824  0.2704  93.463      48  2222222
    39.0  24.929  35.202  222.29  0.0859  0.2705  93.460      71  2222222
    40.0  24.794  35.205  222.90  0.0918  0.2709  93.451      32  2222222
    41.0  24.574  35.212  224.51  0.0936  0.2731  93.401      34  2222222
    42.0  24.497  35.214  224.23  0.1002  0.2735  93.390      94  2222222
    43.0  24.430  35.216  225.10  0.1052  0.2739  93.383      30  2222222
    44.0  24.382  35.218  224.79  0.1052  0.2738  93.385      25  2222222
    45.0  24.341  35.216  224.57  0.1052  0.2732  93.397      35  2222222
    46.0  24.250  35.209  223.70  0.1052  0.2780  93.286     120  2222222
    47.0  24.158  35.209  224.73  0.1121  0.2734  93.394      44  2222222
    48.0  24.131  35.214  225.51  0.1164  0.2739  93.382      31  2222222
    49.0  24.074  35.223  225.59  0.1168  0.2736  93.388      25  2222222
    50.0  24.017  35.227  225.04  0.1168  0.2722  93.420      32  2222222
    51.0  23.919  35.221  224.90  0.1168  0.2725  93.415     114  2222222
    52.0  23.737  35.214  224.81  0.1206  0.2725  93.413      40  2222222
    53.0  23.699  35.218  225.41  0.1284  0.2732  93.397      37  2222222
    54.0  23.677  35.217  224.90  0.1284  0.2734  93.393      42  2222222
    55.0  23.641  35.214  224.98  0.1365  0.2730  93.402      54  2222222
    56.0  23.620  35.214  225.19  0.1410  0.2728  93.408      72  2222222
    57.0  23.563  35.215  224.68  0.1399  0.2722  93.421      31  2222222
    58.0  23.521  35.217  225.28  0.1500  0.2723  93.419      42  2222222
    59.0  23.476  35.214  225.27  0.1525  0.2718  93.430     100  2222222
    60.0  23.363  35.211  224.65  0.1574  0.2728  93.407      29  2222222
    61.0  23.321  35.210  224.37  0.1585  0.2722  93.422      34  2222222
    62.0  23.291  35.209  223.97  0.1630  0.2728  93.406      84  2222222
    63.0  23.244  35.211  223.71  0.1627  0.2713  93.442      39  2222222
    64.0  23.211  35.215  224.68  0.1732  0.2710  93.450      78  2222222
    65.0  23.076  35.201  222.52  0.1839  0.2707  93.456      42  2222222
    66.0  22.908  35.189  221.65  0.1816  0.2697  93.480      26  2222222
    67.0  22.911  35.192  221.67  0.1869  0.2716  93.436     122  2222222
    68.0  22.862  35.199  222.07  0.1861  0.2707  93.455      21  2222222
    69.0  22.836  35.202  222.21  0.1861  0.2706  93.458      20  2222222
    70.0  22.823  35.206  222.69  0.1967  0.2698  93.478      78  2222222
    71.0  22.798  35.212  222.37  0.2019  0.2696  93.483     101  2222222
    72.0  22.756  35.218  223.01  0.2050  0.2696  93.482      25  2222222
    73.0  22.728  35.224  223.81  0.2069  0.2702  93.468      20  2222222
    74.0  22.696  35.232  224.71  0.2118  0.2700  93.471      26  2222222
    75.0  22.682  35.235  224.45  0.2199  0.2695  93.484     125  2222222
    76.0  22.618  35.241  223.72  0.2309  0.2687  93.503      26  2222222
    77.0  22.578  35.236  223.82  0.2343  0.2685  93.509      34  2222222
    78.0  22.556  35.237  224.09  0.2378  0.2702  93.469      84  2222222
    79.0  22.539  35.238  223.60  0.2438  0.2702  93.469      55  2222222
    80.0  22.492  35.230  222.86  0.2388  0.2674  93.535      37  2222222
    81.0  22.405  35.229  222.16  0.2396  0.2671  93.540      35  2222222
    82.0  22.260  35.225  221.64  0.2454  0.2657  93.574      61  2222222
    83.0  22.162  35.213  219.80  0.2599  0.2657  93.572      73  2222222
    84.0  22.116  35.212  219.81  0.2800  0.2666  93.553      55  2222222
    85.0  22.114  35.218  220.67  0.2884  0.2667  93.552      35  2222222
    86.0  22.106  35.221  222.03  0.2871  0.2666  93.553      35  2222222
    87.0  22.093  35.223  221.40  0.2976  0.2662  93.563      49  2222222
    88.0  22.055  35.225  222.16  0.3140  0.2683  93.512     110  2222222
    89.0  21.891  35.207  218.90  0.3147  0.2657  93.573      42  2222222
    90.0  21.836  35.197  218.10  0.3349  0.2661  93.564      56  2222222
    91.0  21.805  35.189  217.60  0.3493  0.2666  93.552      37  2222222
    92.0  21.783  35.184  216.88  0.3519  0.2670  93.543      37  2222222
    93.0  21.764  35.180  217.06  0.3713  0.2689  93.499      52  2222222
    94.0  21.755  35.178  216.85  0.3892  0.2676  93.528      83  2222222
    95.0  21.705  35.169  215.44  0.3976  0.2676  93.529      56  2222222
    96.0  21.629  35.160  215.27  0.4187  0.2709  93.453      60  2222222
    97.0  21.611  35.157  214.67  0.4710  0.2739  93.381      31  2222222
    98.0  21.520  35.111  212.35  0.5352  0.2735  93.392      29  2222222
    99.0  21.469  35.139  212.76  0.6745  0.2797  93.246     144  2222222
   100.0  21.387  35.127  211.09  0.6607  0.2802  93.236      21  2222222
   101.0  21.312  35.123  210.29  0.8072  0.2828  93.176      18  2222222
   102.0  21.282  35.116  209.76  0.8893  0.2874  93.066      18  2222222
   103.0  21.270  35.114  209.95  1.0144  0.2876  93.063     144  2222222
   104.0  21.157  35.098  207.58  1.0401  0.2870  93.076      21  2222222
   105.0  21.131  35.100  206.37  1.0224  0.2901  93.004      21  2222222
   106.0  21.102  35.093  206.64  1.0811  0.2885  93.042     137  2222222
   107.0  20.889  35.062  201.66  1.0517  0.2885  93.044      23  2222222
   108.0  20.847  35.055  199.25  0.9500  0.2865  93.089      21  2222222
   109.0  20.764  35.046  198.27  0.9367  0.2858  93.105      29  2222222
   110.0  20.705  35.042  199.51  0.9727  0.2842  93.142     118  2222222
   111.0  20.535  35.028  197.87  0.8515  0.2816  93.202      37  2222222
   112.0  20.473  35.025  198.62  0.8206  0.2782  93.280      58  2222222
   113.0  20.426  35.020  197.80  0.8135  0.2766  93.319      39  2222222
   114.0  20.345  35.012  196.82  0.7250  0.2764  93.324      24  2222222
   115.0  20.305  35.010  196.56  0.6858  0.2738  93.384      22  2222222
   116.0  20.266  35.009  197.04  0.7190  0.2713  93.443     124  2222222
   117.0  20.219  35.009  197.31  0.6814  0.2713  93.442      37  2222222
   118.0  20.196  35.009  197.18  0.5893  0.2690  93.497      35  2222222
   119.0  20.185  35.008  197.69  0.6029  0.2685  93.508      45  2222222
   120.0  20.176  35.006  197.17  0.5919  0.2681  93.518      35  2222222
   121.0  20.123  34.996  195.49  0.5838  0.2676  93.530      30  2222222
   122.0  20.092  34.994  195.28  0.5732  0.2681  93.519      42  2222222
   123.0  20.093  34.995  196.83  0.6312  0.2681  93.517     107  2222222
   124.0  20.083  34.995  196.14  0.6071  0.2694  93.487      43  2222222
   125.0  20.038  34.991  195.85  0.5421  0.2661  93.564      37  2222222
   126.0  20.006  34.991  196.49  0.5300  0.2655  93.577      28  2222222
   127.0  19.937  34.983  196.61  0.5062  0.2639  93.616      29  2222222
   128.0  19.866  34.987  197.21  0.4938  0.2625  93.647      51  2222222
   129.0  19.875  34.991  198.41  0.5310  0.2619  93.661      92  2222222
   130.0  19.790  34.987  197.00  0.4913  0.2617  93.666      49  2222222
   131.0  19.660  34.966  195.07  0.4505  0.2598  93.712      49  2222222
   132.0  19.635  34.969  196.40  0.4230  0.2596  93.717      39  2222222
   133.0  19.561  34.964  196.06  0.4394  0.2597  93.715      54  2222222
   134.0  19.532  34.961  196.38  0.4613  0.2601  93.705      73  2222222
   135.0  19.527  34.961  196.51  0.4735  0.2593  93.723      64  2222222
   136.0  19.543  34.984  201.74  0.4362  0.2599  93.709      48  2222222
   137.0  19.558  35.009  204.42  0.4147  0.2593  93.724      30  2222222
   138.0  19.495  34.998  202.57  0.3957  0.2587  93.738      38  2222222
   139.0  19.474  34.994  202.37  0.4300  0.2579  93.756     108  2222222
   140.0  19.366  34.972  198.97  0.3972  0.2567  93.784      36  2222222
   141.0  19.151  34.929  194.85  0.3666  0.2562  93.796      38  2222222
   142.0  19.094  34.920  196.05  0.3789  0.2551  93.822      95  2222222
   143.0  18.963  34.906  195.34  0.3540  0.2553  93.817      35  2222222
   144.0  18.905  34.898  194.86  0.3454  0.2541  93.845      55  2222222
   145.0  18.903  34.898  196.28  0.3798  0.2532  93.867      58  2222222
   146.0  18.874  34.897  196.68  0.3301  0.2537  93.856      32  2222222
   147.0  18.843  34.896  197.65  0.2947  0.2530  93.871      27  2222222
   148.0  18.832  34.903  198.29  0.3129  0.2531  93.868     143  2222222
   149.0  18.799  34.927  205.82  0.2905  0.2530  93.871      23  2222222
   150.0  18.816  34.941  207.40  0.2721  0.2530  93.871      20  2222222
   151.0  18.822  34.946  207.91  0.2625  0.2521  93.892      26  2222222
   152.0  18.801  34.954  210.32  0.2894  0.2524  93.886      42  2222222
   153.0  18.728  34.960  211.39  0.3117  0.2510  93.918     105  2222222
   154.0  18.628  34.961  213.21  0.3030  0.2489  93.969      59  2222222
   155.0  18.528  34.953  212.41  0.2034  0.2489  93.968      34  2222222
   156.0  18.487  34.948  212.31  0.1908  0.2478  93.992      29  2222222
   157.0  18.451  34.939  210.26  0.1776  0.2478  93.993      30  2222222
   158.0  18.397  34.926  209.57  0.1914  0.2472  94.006     116  2222222
   159.0  18.223  34.893  206.94  0.1877  0.2466  94.021      28  2222222
   160.0  18.174  34.881  205.80  0.1751  0.2461  94.034      40  2222222
   161.0  18.146  34.874  206.35  0.1856  0.2464  94.026     103  2222222
   162.0  18.100  34.867  206.76  0.1724  0.2468  94.017      28  2222222
   163.0  18.053  34.864  207.41  0.1619  0.2469  94.014      22  2222222
   164.0  18.052  34.864  207.19  0.1595  0.2463  94.028      93  2222222
   165.0  17.991  34.862  207.14  0.1556  0.2455  94.046      99  2222222
   166.0  17.939  34.850  207.21  0.1483  0.2458  94.040      15  2222222
   167.0  17.806  34.836  208.64  0.1399  0.2458  94.040      17  2222222
   168.0  17.764  34.845  209.87  0.1399  0.2461  94.033      21  2222222
   169.0  17.786  34.845  209.38  0.1461  0.2450  94.059     141  2222222
   170.0  17.680  34.841  211.36  0.1331  0.2447  94.065      29  2222222
   171.0  17.588  34.831  211.97  0.1197  0.2442  94.078      24  2222222
   172.0  17.505  34.827  211.79  0.1195  0.2440  94.083      30  2222222
   173.0  17.491  34.823  211.62  0.1154  0.2439  94.085     129  2222222
   174.0  17.378  34.806  212.27  0.1115  0.2437  94.089      24  2222222
   175.0  17.225  34.789  211.64  0.0983  0.2436  94.092      20  2222222
   176.0  17.049  34.762  211.37  0.0821  0.2429  94.109      23  2222222
   177.0  16.923  34.754  210.87  0.0794  0.2422  94.126      29  2222222
   178.0  16.946  34.754  211.47  0.0772  0.2417  94.136     111  2222222
   179.0  16.880  34.745  212.48  0.0751  0.2421  94.128      23  2222222
   180.0  16.841  34.737  211.77  0.0706  0.2412  94.148      20  2222222
   181.0  16.795  34.729  211.02  0.0699  0.2410  94.153      18  2222222
   182.0  16.739  34.713  210.48  0.0590  0.2413  94.147      19  2222222
   183.0  16.644  34.703  209.52  0.0590  0.2421  94.127      20  2222222
   184.0  16.534  34.689  209.12  0.0590  0.2412  94.147      36  2222222
   185.0  16.486  34.686  210.01  0.0632  0.2405  94.164      66  2222222
   186.0  16.365  34.667  209.84  0.0590  0.2400  94.175      31  2222222
   187.0  16.319  34.662  209.58  0.0590  0.2399  94.178      25  2222222
   188.0  16.300  34.656  209.22  0.0586  0.2396  94.186      26  2222222
   189.0  16.187  34.635  209.08  0.0590  0.2399  94.179      25  2222222
   190.0  16.074  34.622  208.80  0.0590  0.2397  94.184      29  2222222
   191.0  16.013  34.615  208.31  0.0590  0.2396  94.186      39  2222222
   192.0  15.963  34.607  208.47  0.0590  0.2397  94.182      39  2222222
   193.0  15.918  34.602  208.32  0.0590  0.2397  94.184      31  2222222
   194.0  15.847  34.591  207.97  0.0565  0.2398  94.180      27  2222222
   195.0  15.793  34.581  207.50  0.0511  0.2396  94.186      29  2222222
   196.0  15.762  34.576  207.10  0.0538  0.2391  94.197      29  2222222
   197.0  15.747  34.573  207.55  0.0471  0.2394  94.190      29  2222222
   198.0  15.736  34.571  206.89  0.0557  0.2394  94.190      35  2222222
   199.0  15.724  34.569  207.61  0.0558  0.2388  94.205      71  2222222
   200.0  15.678  34.564  208.32  0.0569  0.2395  94.189      33  2222222
   201.0  15.646  34.560  208.40  0.0590  0.2389  94.201      20  2222222
   202.0  15.632  34.558  208.93  0.0496  0.2394  94.191      17  2222222
   203.0  15.569  34.547  208.86  0.0475  0.2395  94.188      19  2222222
   204.0  15.514  34.547  208.81  0.0475  0.2395  94.188      21  2222222
   205.0  15.446  34.544  207.99  0.0518  0.2393  94.193      37  2222222
   206.0  15.418  34.541  209.22  0.0487  0.2387  94.209      76  2222222
   207.0  15.347  34.531  209.84  0.0475  0.2385  94.211      22  2222222
   208.0  15.319  34.530  209.63  0.0469  0.2386  94.210      19  2222222
   209.0  15.312  34.528  208.90  0.0475  0.2387  94.209      20  2222222
   210.0  15.297  34.526  208.74  0.0475  0.2385  94.212      38  2222222
   211.0  15.285  34.525  209.13  0.0472  0.2385  94.213      48  2222222
   212.0  15.267  34.522  209.49  0.0475  0.2386  94.211      28  2222222
   213.0  15.203  34.515  209.39  0.0470  0.2385  94.213      27  2222222
   214.0  15.158  34.510  209.70  0.0475  0.2393  94.193      36  2222222
   215.0  15.105  34.503  208.79  0.0472  0.2384  94.214      38  2222222
   216.0  15.065  34.496  209.29  0.0521  0.2388  94.205      30  2222222
   217.0  15.016  34.490  208.90  0.0528  0.2388  94.204      26  2222222
   218.0  14.963  34.484  209.39  0.0467  0.2385  94.213      32  2222222
   219.0  14.893  34.477  209.62  0.0475  0.2390  94.200      47  2222222
   220.0  14.811  34.470  209.73  0.0467  0.2386  94.210      30  2222222
   221.0  14.760  34.463  209.57  0.0475  0.2385  94.214      23  2222222
   222.0  14.746  34.462  208.85  0.0475  0.2382  94.219      21  2222222
   223.0  14.693  34.453  209.49  0.0475  0.2380  94.225      30  2222222
   224.0  14.606  34.448  209.42  0.0463  0.2381  94.221      39  2222222
   225.0  14.579  34.444  209.09  0.0475  0.2377  94.230      37  2222222
   226.0  14.544  34.439  209.56  0.0471  0.2374  94.236      34  2222222
   227.0  14.509  34.436  209.48  0.0475  0.2375  94.235      45  2222222
   228.0  14.482  34.433  209.31  0.0475  0.2375  94.234      41  2222222
   229.0  14.460  34.430  209.66  0.0475  0.2373  94.239      26  2222222
   230.0  14.447  34.429  210.29  0.0469  0.2381  94.222      20  2222222
   231.0  14.444  34.428  210.19  0.0475  0.2374  94.237      20  2222222
   232.0  14.424  34.424  209.76  0.0475  0.2374  94.237      27  2222222
   233.0  14.330  34.416  209.54  0.0471  0.2373  94.239      56  2222222
   234.0  14.281  34.413  210.78  0.0472  0.2374  94.237      40  2222222
   235.0  14.282  34.413  211.67  0.0470  0.2374  94.237      25  2222222
   236.0  14.285  34.414  212.41  0.0469  0.2375  94.236      21  2222222
   237.0  14.241  34.409  212.94  0.0475  0.2377  94.231      25  2222222
   238.0  14.194  34.405  212.27  0.0469  0.2375  94.236      39  2222222
   239.0  14.136  34.396  210.94  0.0473  0.2371  94.245      73  2222222
   240.0  14.089  34.390  211.31  0.0467  0.2371  94.243      31  2222222
   241.0  14.057  34.386  211.22  0.0475  0.2368  94.251      19  2222222
   242.0  14.015  34.380  210.52  0.0475  0.2369  94.250      15  2222222
   243.0  13.976  34.375  209.70  0.0475  0.2373  94.238      18  2222222
   244.0  13.891  34.368  209.00  0.0469  0.2374  94.237      22  2222222
   245.0  13.958  34.373  209.79  0.0474  0.2370  94.247     106  2222222
   246.0  13.866  34.364  210.75  0.0475  0.2366  94.256      19  2222222
   247.0  13.826  34.361  210.77  0.0466  0.2365  94.260      14  2222222
   248.0  13.786  34.356  210.76  0.0475  0.2368  94.252      15  2222222
   249.0  13.736  34.353  210.92  0.0475  0.2365  94.258      15  2222222
   250.0  13.739  34.355  210.77  0.0472  0.2369  94.250      95  2222222
   251.0  13.765  34.354  210.22  0.0469  0.2367  94.253      39  2222222
   252.0  13.667  34.344  211.46  0.0475  0.2364  94.261      17  2222222
   253.0  13.620  34.345  211.49  0.0475  0.2365  94.260      15  2222222
   254.0  13.610  34.343  210.52  0.0464  0.2366  94.256      21  2222222
   255.0  13.546  34.335  209.46  0.0475  0.2365  94.260      37  2222222
   256.0  13.511  34.334  209.56  0.0473  0.2364  94.262      55  2222222
   257.0  13.493  34.330  209.51  0.0475  0.2364  94.261      30  2222222
   258.0  13.462  34.327  209.48  0.0475  0.2363  94.264      26  2222222
   259.0  13.432  34.325  209.39  0.0475  0.2365  94.258      35  2222222
   260.0  13.412  34.323  209.09  0.0475  0.2361  94.268      34  2222222
   261.0  13.392  34.320  209.62  0.0475  0.2355  94.284      29  2222222
   262.0  13.359  34.317  209.54  0.0475  0.2358  94.276      29  2222222
   263.0  13.326  34.315  209.16  0.0468  0.2358  94.275      37  2222222
   264.0  13.319  34.314  208.78  0.0470  0.2359  94.274      49  2222222
   265.0  13.315  34.313  209.60  0.0471  0.2359  94.275      33  2222222
   266.0  13.289  34.309  209.19  0.0475  0.2363  94.263      22  2222222
   267.0  13.244  34.304  209.20  0.0475  0.2364  94.261      22  2222222
   268.0  13.186  34.301  208.54  0.0466  0.2358  94.275      27  2222222
   269.0  13.143  34.300  208.53  0.0473  0.2355  94.283      54  2222222
   270.0  13.129  34.298  208.94  0.0473  0.2357  94.277      58  2222222
   271.0  13.120  34.297  209.03  0.0475  0.2358  94.276      22  2222222
   272.0  13.095  34.294  209.10  0.0468  0.2355  94.283      18  2222222
   273.0  13.081  34.295  209.16  0.0475  0.2356  94.280      17  2222222
   274.0  13.066  34.293  208.99  0.0475  0.2360  94.271      18  2222222
   275.0  13.061  34.294  208.76  0.0465  0.2367  94.255      24  2222222
   276.0  13.080  34.293  209.34  0.0469  0.2354  94.285     119  2222222
   277.0  13.043  34.288  209.69  0.0452  0.2354  94.285      20  2222222
   278.0  12.955  34.281  210.12  0.0475  0.2356  94.281      16  2222222
   279.0  12.891  34.279  210.03  0.0467  0.2357  94.278      16  2222222
   280.0  12.867  34.280  209.52  0.0475  0.2355  94.282      15  2222222
   281.0  12.806  34.272  208.65  0.0469  0.2357  94.279      19  2222222
   282.0  12.705  34.266  208.35  0.0468  0.2355  94.284      34  2222222
   283.0  12.773  34.269  209.30  0.0462  0.2353  94.287      96  2222222
   284.0  12.588  34.260  210.09  0.0470  0.2354  94.286      24  2222222
   285.0  12.547  34.257  210.31  0.0469  0.2353  94.287      21  2222222
   286.0  12.499  34.257  210.94  0.0465  0.2354  94.286      22  2222222
   287.0  12.472  34.257  211.18  0.0467  0.2350  94.296      30  2222222
   288.0  12.443  34.253  211.09  0.0470  0.2349  94.296      46  2222222
   289.0  12.388  34.249  210.52  0.0466  0.2349  94.298      43  2222222
   290.0  12.376  34.249  210.44  0.0464  0.2347  94.300      30  2222222
   291.0  12.369  34.248  211.10  0.0470  0.2346  94.303      23  2222222
   292.0  12.344  34.246  211.35  0.0475  0.2351  94.293      21  2222222
   293.0  12.311  34.244  210.97  0.0470  0.2353  94.288      23  2222222
   294.0  12.260  34.242  211.04  0.0461  0.2382  94.219      50  2222222
   295.0  12.258  34.241  210.88  0.0468  0.2346  94.303      73  2222222
   296.0  12.238  34.238  210.66  0.0470  0.2343  94.311      24  2222222
   297.0  12.212  34.237  210.43  0.0464  0.2343  94.310      21  2222222
   298.0  12.193  34.235  210.28  0.0469  0.2343  94.310      19  2222222
   299.0  12.133  34.229  210.31  0.0475  0.2347  94.301      19  2222222
   300.0  12.089  34.231  210.79  0.0465  0.2354  94.285      23  2222222
   301.0  12.075  34.230  210.42  0.0462  0.2349  94.297      54  2222222
   302.0  12.065  34.228  210.30  0.0471  0.2343  94.310      62  2222222
   303.0  12.029  34.225  210.64  0.0475  0.2340  94.317      28  2222222
   304.0  12.003  34.224  210.30  0.0465  0.2342  94.312      23  2222222
   305.0  11.985  34.223  209.86  0.0461  0.2343  94.311      24  2222222
   306.0  11.974  34.222  210.21  0.0466  0.2342  94.313      27  2222222
   307.0  11.965  34.221  210.25  0.0463  0.2344  94.308      29  2222222
   308.0  11.950  34.220  209.74  0.0468  0.2344  94.308      33  2222222
   309.0  11.928  34.218  209.94  0.0457  0.2343  94.309      44  2222222
   310.0  11.914  34.217  210.03  0.0469  0.2341  94.315      43  2222222
   311.0  11.894  34.215  210.27  0.0462  0.2342  94.313      35  2222222
   312.0  11.856  34.212  209.65  0.0462  0.2348  94.299      27  2222222
   313.0  11.803  34.207  209.07  0.0466  0.2343  94.310      26  2222222
   314.0  11.776  34.207  209.03  0.0470  0.2345  94.306      27  2222222
   315.0  11.740  34.207  209.74  0.0464  0.2343  94.310      42  2222222
   316.0  11.693  34.206  210.48  0.0454  0.2343  94.310      44  2222222
   317.0  11.672  34.205  209.98  0.0466  0.2342  94.313      26  2222222
   318.0  11.657  34.202  209.94  0.0469  0.2344  94.309      22  2222222
   319.0  11.599  34.199  209.72  0.0475  0.2337  94.324      23  2222222
   320.0  11.581  34.198  208.99  0.0461  0.2341  94.315      25  2222222
   321.0  11.555  34.196  208.88  0.0461  0.2343  94.310      33  2222222
   322.0  11.526  34.194  208.01  0.0462  0.2353  94.288      94  2222222
   323.0  11.524  34.192  208.52  0.0459  0.2343  94.310      42  2222222
   324.0  11.495  34.191  208.37  0.0441  0.2334  94.333      17  2222222
   325.0  11.472  34.188  208.55  0.0461  0.2336  94.327      16  2222222
   326.0  11.431  34.188  208.97  0.0465  0.2342  94.312      12  2222222
   327.0  11.375  34.181  208.63  0.0460  0.2344  94.309      15  2222222
   328.0  11.309  34.185  207.78  0.0468  0.2344  94.307      17  2222222
   329.0  11.383  34.185  208.09  0.0461  0.2343  94.310      71  2222222
   330.0  11.335  34.185  207.79  0.0462  0.2341  94.316      70  2222222
   331.0  11.307  34.175  208.19  0.0468  0.2343  94.310      18  2222222
   332.0  11.235  34.180  207.55  0.0449  0.2342  94.312      18  2222222
   333.0  11.212  34.179  207.05  0.0459  0.2343  94.310      22  2222222
   334.0  11.178  34.177  206.76  0.0462  0.2341  94.315      34  2222222
   335.0  11.147  34.176  206.46  0.0450  0.2342  94.312      52  2222222
   336.0  11.132  34.175  206.42  0.0459  0.2341  94.314      28  2222222
   337.0  11.122  34.173  206.27  0.0461  0.2340  94.318      24  2222222
   338.0  11.109  34.173  206.27  0.0463  0.2339  94.321      29  2222222
   339.0  11.098  34.172  206.26  0.0449  0.2337  94.324      32  2222222
   340.0  11.086  34.172  206.42  0.0459  0.2335  94.330      36  2222222
   341.0  11.062  34.170  206.29  0.0463  0.2341  94.315      56  2222222
   342.0  11.018  34.169  206.65  0.0461  0.2338  94.324      33  2222222
   343.0  10.988  34.168  206.46  0.0456  0.2341  94.315      24  2222222
   344.0  10.941  34.163  206.22  0.0465  0.2339  94.319      25  2222222
   345.0  10.884  34.164  205.74  0.0464  0.2338  94.323      30  2222222
   346.0  10.878  34.164  205.55  0.0465  0.2338  94.323      32  2222222
   347.0  10.877  34.163  205.62  0.0463  0.2339  94.320      28  2222222
   348.0  10.873  34.162  205.73  0.0457  0.2336  94.326      32  2222222
   349.0  10.872  34.162  205.85  0.0458  0.2337  94.324      62  2222222
   350.0  10.868  34.161  205.84  0.0457  0.2335  94.331      44  2222222
   351.0  10.863  34.161  205.58  0.0475  0.2334  94.331      24  2222222
   352.0  10.838  34.159  205.22  0.0563  0.2341  94.316      21  2222222
   353.0  10.798  34.157  205.28  0.0516  0.2335  94.330      20  2222222
   354.0  10.770  34.158  205.26  0.0461  0.2341  94.314      24  2222222
   355.0  10.762  34.157  205.34  0.0467  0.2339  94.319      32  2222222
   356.0  10.750  34.156  205.46  0.0458  0.2342  94.313      47  2222222
   357.0  10.704  34.153  204.69  0.0460  0.2333  94.334      54  2222222
   358.0  10.658  34.152  204.64  0.0550  0.2336  94.328      31  2222222
   359.0  10.640  34.152  204.97  0.0475  0.2374  94.237      24  2222222
   360.0  10.635  34.152  205.24  0.0461  0.2361  94.267      25  2222222
   361.0  10.633  34.151  205.41  0.0454  0.2336  94.326      33  2222222
   362.0  10.624  34.150  204.94  0.0466  0.2336  94.328      39  2222222
   363.0  10.573  34.148  204.21  0.0448  0.2335  94.329      31  2222222
   364.0  10.538  34.148  203.73  0.0459  0.2334  94.333      28  2222222
   365.0  10.507  34.148  203.15  0.0448  0.2333  94.334      31  2222222
   366.0  10.482  34.148  203.25  0.0446  0.2333  94.334      28  2222222
   367.0  10.445  34.150  203.60  0.0454  0.2334  94.332      33  2222222
   368.0  10.441  34.152  203.94  0.0501  0.2334  94.333      53  2222222
   369.0  10.444  34.154  204.90  0.0478  0.2333  94.334      40  2222222
   370.0  10.433  34.155  206.09  0.0549  0.2333  94.335      28  2222222
   371.0  10.408  34.154  206.46  0.0447  0.2333  94.336      25  2222222
   372.0  10.392  34.154  206.27  0.0453  0.2334  94.331      27  2222222
   373.0  10.386  34.153  205.71  0.0459  0.2341  94.316      28  2222222
   374.0  10.366  34.152  204.97  0.0457  0.2337  94.326      39  2222222
   375.0  10.312  34.148  204.40  0.0454  0.2338  94.324      33  2222222
   376.0  10.286  34.147  203.60  0.0452  0.2333  94.334      25  2222222
   377.0  10.272  34.147  203.20  0.0452  0.2337  94.324      35  2222222
   378.0  10.275  34.146  203.25  0.0458  0.2341  94.316      81  2222222
   379.0  10.266  34.145  203.31  0.0444  0.2336  94.328      22  2222222
   380.0  10.215  34.136  203.05  0.0434  0.2333  94.335      17  2222222
   381.0  10.145  34.138  202.38  0.0462  0.2334  94.332      17  2222222
   382.0  10.128  34.138  201.69  0.0573  0.2340  94.319      20  2222222
   383.0  10.118  34.138  201.00  0.0587  0.2335  94.330      34  2222222
   384.0  10.117  34.137  200.90  0.0572  0.2334  94.333      46  2222222
   385.0  10.111  34.136  201.03  0.0459  0.2336  94.327      29  2222222
   386.0  10.105  34.135  201.27  0.0457  0.2334  94.333      39  2222222
   387.0  10.072  34.131  200.89  0.0444  0.2333  94.334      62  2222222
   388.0  10.000  34.129  199.63  0.0454  0.2334  94.333      28  2222222
   389.0   9.961  34.128  198.87  0.0574  0.2342  94.312      21  2222222
   390.0   9.940  34.127  198.26  0.0464  0.2333  94.335      21  2222222
   391.0   9.917  34.127  198.13  0.0443  0.2333  94.335      25  2222222
   392.0   9.905  34.126  198.15  0.0443  0.2335  94.330      40  2222222
   393.0   9.890  34.124  197.82  0.0529  0.2335  94.330      49  2222222
   394.0   9.866  34.125  198.59  0.0558  0.2334  94.332      25  2222222
   395.0   9.848  34.126  198.65  0.0431  0.2336  94.326      21  2222222
   396.0   9.834  34.124  198.38  0.0456  0.2334  94.333      24  2222222
   397.0   9.829  34.123  198.19  0.0527  0.2334  94.332      71  2222222
   398.0   9.825  34.121  198.22  0.0577  0.2335  94.329      43  2222222
   399.0   9.810  34.120  198.01  0.0543  0.2333  94.334      22  2222222
   400.0   9.804  34.120  197.76  0.0463  0.2336  94.327      19  2222222
   401.0   9.799  34.120  197.40  0.0585  0.2334  94.331      21  2222222
   402.0   9.795  34.119  196.65  0.0576  0.2333  94.335      24  2222222
   403.0   9.775  34.117  196.02  0.0469  0.2335  94.329      40  2222222
   404.0   9.756  34.116  196.08  0.0543  0.2333  94.335      66  2222222
   405.0   9.701  34.112  195.47  0.0441  0.2333  94.335      37  2222222
   406.0   9.643  34.111  195.08  0.0497  0.2338  94.322      27  2222222
   407.0   9.602  34.110  194.88  0.0569  0.2335  94.329      28  2222222
   408.0   9.568  34.109  194.62  0.0574  0.2333  94.335      28  2222222
   409.0   9.545  34.109  194.58  0.0583  0.2333  94.334      32  2222222
   410.0   9.516  34.107  194.16  0.0564  0.2336  94.328      31  2222222
   411.0   9.477  34.105  193.52  0.0465  0.2333  94.335      24  2222222
   412.0   9.453  34.105  193.38  0.0586  0.2339  94.319      24  2222222
   413.0   9.439  34.104  193.21  0.0582  0.2336  94.327      40  2222222
   414.0   9.443  34.104  193.29  0.0581  0.2338  94.323      71  2222222
   415.0   9.417  34.104  193.37  0.0586  0.2334  94.332      25  2222222
   416.0   9.375  34.098  193.12  0.0577  0.2337  94.325      18  2222222
   417.0   9.321  34.099  192.41  0.0577  0.2340  94.317      18  2222222
   418.0   9.287  34.097  191.73  0.0482  0.2339  94.320      31  2222222
   419.0   9.292  34.097  191.26  0.0541  0.2335  94.329      82  2222222
   420.0   9.227  34.093  190.38  0.0590  0.2340  94.317      26  2222222
   421.0   9.194  34.092  189.81  0.0568  0.2335  94.330      20  2222222
   422.0   9.180  34.092  189.33  0.0579  0.2337  94.326      20  2222222
   423.0   9.176  34.091  189.16  0.0574  0.2337  94.326      22  2222222
   424.0   9.172  34.090  188.67  0.0584  0.2338  94.322      34  2222222
   425.0   9.169  34.089  188.04  0.0577  0.2333  94.334      54  2222222
   426.0   9.161  34.089  188.28  0.0582  0.2336  94.328      41  2222222
   427.0   9.136  34.088  187.99  0.0458  0.2333  94.334      34  2222222
   428.0   9.126  34.087  187.05  0.0569  0.2333  94.335      33  2222222
   429.0   9.119  34.087  186.73  0.0508  0.2332  94.336      28  2222222
   430.0   9.114  34.087  186.07  0.0424  0.2333  94.335      34  2222222
   431.0   9.108  34.086  186.16  0.0539  0.2333  94.334      41  2222222
   432.0   9.093  34.084  185.82  0.0573  0.2333  94.335      34  2222222
   433.0   8.995  34.079  183.55  0.0564  0.2333  94.335      31  2222222
   434.0   8.955  34.081  181.68  0.0559  0.2334  94.332      30  2222222
   435.0   8.941  34.080  180.45  0.0556  0.2331  94.340      27  2222222
   436.0   8.925  34.078  179.70  0.0565  0.2370  94.248      27  2222222
   437.0   8.897  34.078  178.86  0.0564  0.2333  94.335      30  2222222
   438.0   8.889  34.077  178.10  0.0563  0.2331  94.340      58  2222222
   439.0   8.864  34.077  177.19  0.0565  0.2326  94.352      36  2222222
   440.0   8.847  34.076  176.30  0.0567  0.2331  94.340      29  2222222
   441.0   8.831  34.076  176.30  0.0572  0.2326  94.352      26  2222222
   442.0   8.820  34.075  176.35  0.0557  0.2331  94.340      28  2222222
   443.0   8.804  34.074  175.81  0.0577  0.2327  94.350      34  2222222
   444.0   8.780  34.074  175.27  0.0568  0.2325  94.355      40  2222222
   445.0   8.767  34.073  174.75  0.0562  0.2326  94.351      32  2222222
   446.0   8.753  34.073  174.19  0.0577  0.2328  94.347      27  2222222
   447.0   8.727  34.072  173.65  0.0564  0.2325  94.355      26  2222222
   448.0   8.694  34.071  172.91  0.0562  0.2326  94.353      32  2222222
   449.0   8.659  34.070  172.29  0.0578  0.2337  94.325      37  2222222
   450.0   8.639  34.069  172.46  0.0566  0.2331  94.339      47  2222222
   451.0   8.621  34.068  172.54  0.0564  0.2326  94.352      30  2222222
   452.0   8.603  34.067  172.27  0.0568  0.2325  94.355      20  2222222
   453.0   8.586  34.067  171.96  0.0567  0.2324  94.357      24  2222222
   454.0   8.578  34.067  171.76  0.0561  0.2331  94.340      47  2222222
   455.0   8.566  34.065  171.53  0.0559  0.2328  94.348      45  2222222
   456.0   8.512  34.064  171.18  0.0557  0.2327  94.349      28  2222222
   457.0   8.500  34.064  171.12  0.0544  0.2329  94.346      20  2222222
   458.0   8.497  34.064  170.66  0.0551  0.2346  94.305      23  2222222
   459.0   8.494  34.063  170.42  0.0572  0.2329  94.344      32  2222222
   460.0   8.494  34.063  170.70  0.0638  0.2331  94.339      59  2222222
   461.0   8.480  34.062  170.36  0.0562  0.2326  94.352      40  2222222
   462.0   8.451  34.061  170.26  0.0568  0.2325  94.354      25  2222222
   463.0   8.445  34.061  170.34  0.0569  0.2325  94.353      21  2222222
   464.0   8.443  34.061  170.00  0.0567  0.2331  94.340      24  2222222
   465.0   8.427  34.060  169.58  0.0597  0.2330  94.341      35  2222222
   466.0   8.407  34.058  169.36  0.0579  0.2328  94.346      53  2222222
   467.0   8.385  34.058  168.71  0.0620  0.2326  94.352      32  2222222
   468.0   8.343  34.057  167.73  0.0560  0.2332  94.338      34  2222222
   469.0   8.320  34.058  166.92  0.0563  0.2329  94.344      29  2222222
   470.0   8.305  34.057  166.54  0.0564  0.2329  94.344      31  2222222
   471.0   8.297  34.057  166.35  0.0554  0.2326  94.353      58  2222222
   472.0   8.290  34.057  166.45  0.0556  0.2323  94.358      34  2222222
   473.0   8.279  34.056  165.89  0.0569  0.2324  94.355      21  2222222
   474.0   8.261  34.056  164.89  0.0577  0.2332  94.336      18  2222222
   475.0   8.236  34.058  163.83  0.0556  0.2329  94.343      17  2222222
   476.0   8.215  34.060  162.39  0.0549  0.2327  94.349      25  2222222
   477.0   8.211  34.059  161.29  0.0577  0.2326  94.352      76  2222222
   478.0   8.198  34.059  161.59  0.0593  0.2323  94.359      40  2222222
   479.0   8.184  34.059  160.92  0.0578  0.2325  94.354      29  2222222
   480.0   8.168  34.059  160.30  0.0607  0.2329  94.345      41  2222222
   481.0   8.143  34.059  159.63  0.0555  0.2327  94.349      33  2222222
   482.0   8.128  34.058  158.71  0.0541  0.2324  94.357      26  2222222
   483.0   8.099  34.058  157.91  0.0552  0.2324  94.355      21  2222222
   484.0   8.080  34.059  157.09  0.0538  0.2327  94.348      20  2222222
   485.0   8.075  34.060  156.47  0.0543  0.2329  94.345      17  2222222
   486.0   8.071  34.060  155.80  0.0599  0.2325  94.354      27  2222222
   487.0   8.076  34.059  155.99  0.0626  0.2325  94.353     115  2222222
   488.0   8.064  34.058  156.56  0.0639  0.2324  94.356      19  2222222
   489.0   8.047  34.060  155.86  0.0597  0.2323  94.359      17  2222222
   490.0   8.041  34.060  155.21  0.0553  0.2323  94.359      19  2222222
   491.0   8.013  34.060  154.69  0.0640  0.2323  94.358      30  2222222
   492.0   7.958  34.060  153.58  0.0629  0.2323  94.359      42  2222222
   493.0   7.861  34.058  153.11  0.0544  0.2323  94.359      57  2222222
   494.0   7.860  34.057  152.79  0.0577  0.2326  94.352      81  2222222
   495.0   7.823  34.056  149.87  0.0562  0.2328  94.348      37  2222222
   496.0   7.741  34.058  146.84  0.0613  0.2323  94.358      45  2222222
   497.0   7.721  34.057  146.59  0.0616  0.2324  94.356      46  2222222
   498.0   7.737  34.055  147.61  0.0592  0.2324  94.356      81  2222222
   499.0   7.724  34.055  147.07  0.0571  0.2324  94.356     116  2222222
   500.0   7.704  34.055  145.72  0.0603  0.2323  94.359     123  2222222
   501.0   7.690  34.055  144.51  0.0609  0.2324  94.357      50  2222222
   502.0   7.696  34.056  143.62  0.0590  0.2323  94.359       1  2222222
