  CTDPRS  CTDTMP  CTDSAL  CTDOXY  CHLPIG BEAM.AT   XMISS  NUMBER   QUALT1
    DBAR  ITS-90  PSS-78  uMOL/L    uG/L     1/M       %     OBS.       *
 ******* ******* ******* ******* ******* ******* *******                *
     1.0  25.815  35.200  214.14  0.0936  0.4809  88.676      15  2222233
     2.0  25.814  35.200  213.74  0.0941  0.3057  92.648     217  2222233
     3.0  25.814  35.200  213.39  0.0943  0.2783  93.281     243  2222233
     4.0  25.811  35.199  212.61  0.0971  0.2664  93.556     108  2222222
     5.0  25.808  35.199  213.02  0.0942  0.2659  93.569      86  2222222
     6.0  25.809  35.199  212.69  0.0890  0.2665  93.556      37  2222222
     7.0  25.811  35.199  213.15  0.0956  0.2658  93.571     129  2222222
     8.0  25.815  35.199  213.00  0.1040  0.2658  93.570      58  2222222
     9.0  25.815  35.199  212.89  0.0917  0.2662  93.562     128  2222222
    10.0  25.814  35.199  212.96  0.1019  0.2661  93.564      63  2222222
    11.0  25.815  35.199  213.10  0.0936  0.2675  93.531      31  2222222
    12.0  25.813  35.199  212.66  0.0879  0.2668  93.548     160  2222222
    13.0  25.817  35.199  212.17  0.0976  0.2659  93.569      32  2222222
    14.0  25.815  35.199  213.31  0.0953  0.2671  93.541      93  2222222
    15.0  25.816  35.199  213.20  0.0933  0.2660  93.565      98  2222222
    16.0  25.814  35.199  212.92  0.0933  0.2657  93.573      34  2222222
    17.0  25.813  35.199  212.78  0.0936  0.2657  93.573     171  2222222
    18.0  25.818  35.199  212.85  0.0936  0.2671  93.541      25  2222222
    19.0  25.814  35.199  212.83  0.0871  0.2659  93.569      89  2222222
    20.0  25.811  35.199  212.96  0.0932  0.2658  93.570     114  2222222
    21.0  25.811  35.199  212.98  0.0933  0.2656  93.576      32  2222222
    22.0  25.805  35.198  213.25  0.0936  0.2661  93.563      38  2222222
    23.0  25.805  35.198  212.81  0.0952  0.2667  93.550     163  2222222
    24.0  25.805  35.198  213.20  0.0934  0.2663  93.559      43  2222222
    25.0  25.809  35.198  212.85  0.0936  0.2664  93.557      40  2222222
    26.0  25.809  35.198  212.86  0.0965  0.2662  93.563      98  2222222
    27.0  25.797  35.198  212.49  0.0934  0.2665  93.556      46  2222222
    28.0  25.791  35.197  213.26  0.0935  0.2664  93.557      62  2222222
    29.0  25.788  35.197  212.85  0.1008  0.2663  93.560     119  2222222
    30.0  25.778  35.196  214.99  0.0895  0.2667  93.550      36  2222222
    31.0  25.708  35.189  216.31  0.0879  0.2669  93.545      28  2222222
    32.0  25.457  35.170  217.12  0.1016  0.2756  93.343     118  2222222
    33.0  25.282  35.153  219.43  0.1080  0.2767  93.316      61  2222222
    34.0  25.142  35.142  219.54  0.1174  0.2806  93.225      38  2222222
    35.0  25.122  35.140  219.82  0.1359  0.2797  93.248      75  2222222
    36.0  25.100  35.139  219.43  0.1284  0.2810  93.216      46  2222222
    37.0  25.081  35.139  219.77  0.1340  0.2808  93.221     102  2222222
    38.0  25.066  35.137  220.28  0.1347  0.2812  93.212      66  2222222
    39.0  25.041  35.136  220.69  0.1399  0.2823  93.185      49  2222222
    40.0  25.042  35.139  219.93  0.1320  0.2779  93.288      52  2222222
    41.0  25.039  35.139  219.44  0.1342  0.2745  93.367      98  2222222
    42.0  25.003  35.134  220.55  0.1284  0.2772  93.304      72  2222222
    43.0  24.965  35.131  220.99  0.1399  0.2799  93.242      57  2222222
    44.0  24.944  35.130  220.88  0.1430  0.2827  93.177      96  2222222
    45.0  24.912  35.125  221.24  0.1478  0.2824  93.184      35  2222222
    46.0  24.842  35.127  221.18  0.1399  0.2827  93.176      32  2222222
    47.0  24.778  35.127  221.58  0.1453  0.2773  93.301     158  2222222
    48.0  24.692  35.123  223.13  0.1306  0.2756  93.343      30  2222222
    49.0  24.654  35.116  223.17  0.1284  0.2749  93.357      36  2222222
    50.0  24.612  35.109  222.42  0.1382  0.2751  93.353     100  2222222
    51.0  24.606  35.129  222.65  0.1436  0.2748  93.360      81  2222222
    52.0  24.560  35.131  222.97  0.1399  0.2744  93.370      37  2222222
    53.0  24.554  35.130  222.79  0.1513  0.2720  93.426     141  2222222
    54.0  24.546  35.129  222.65  0.1438  0.2719  93.428      36  2222222
    55.0  24.524  35.128  222.82  0.1393  0.2717  93.433      21  2222222
    56.0  24.536  35.128  222.44  0.1337  0.2707  93.455      97  2222222
    57.0  24.502  35.129  222.33  0.1399  0.2702  93.467     109  2222222
    58.0  24.491  35.129  223.04  0.1399  0.2697  93.479      21  2222222
    59.0  24.469  35.129  222.48  0.1403  0.2694  93.487      59  2222222
    60.0  24.440  35.128  223.00  0.1465  0.2691  93.495     124  2222222
    61.0  24.406  35.130  223.12  0.1514  0.2687  93.505      28  2222222
    62.0  24.399  35.131  222.56  0.1539  0.2694  93.488      76  2222222
    63.0  24.388  35.135  222.49  0.1637  0.2687  93.504     122  2222222
    64.0  24.381  35.139  221.82  0.1542  0.2683  93.512      25  2222222
    65.0  24.379  35.140  222.03  0.1484  0.2688  93.501      34  2222222
    66.0  24.370  35.140  222.83  0.1537  0.2685  93.507     165  2222222
    67.0  24.323  35.140  223.00  0.1514  0.2682  93.516      23  2222222
    68.0  24.223  35.136  223.19  0.1514  0.2688  93.501      24  2222222
    69.0  24.213  35.136  222.95  0.1661  0.2688  93.502     153  2222222
    70.0  24.185  35.136  223.49  0.1678  0.2689  93.500      38  2222222
    71.0  24.177  35.135  223.24  0.1654  0.2691  93.495      37  2222222
    72.0  24.170  35.134  223.18  0.1784  0.2690  93.498     146  2222222
    73.0  24.147  35.133  223.73  0.1710  0.2698  93.477      36  2222222
    74.0  24.121  35.132  223.43  0.1698  0.2710  93.449      34  2222222
    75.0  24.094  35.134  223.55  0.1861  0.2700  93.474     140  2222222
    76.0  24.042  35.139  223.79  0.1883  0.2696  93.482      51  2222222
    77.0  23.975  35.136  223.76  0.1745  0.2695  93.485      41  2222222
    78.0  23.913  35.140  224.33  0.1964  0.2703  93.465      87  2222222
    79.0  23.841  35.142  224.99  0.2095  0.2707  93.455      89  2222222
    80.0  23.727  35.144  224.79  0.2047  0.2707  93.456      47  2222222
    81.0  23.658  35.147  224.96  0.2000  0.2704  93.462      48  2222222
    82.0  23.616  35.149  225.16  0.2200  0.2694  93.487     122  2222222
    83.0  23.539  35.149  224.30  0.2197  0.2692  93.492      47  2222222
    84.0  23.476  35.150  224.34  0.2049  0.2686  93.506      43  2222222
    85.0  23.448  35.151  223.92  0.2038  0.2672  93.537      87  2222222
    86.0  23.438  35.150  223.69  0.2157  0.2673  93.538      87  2222222
    87.0  23.399  35.152  223.50  0.1999  0.2668  93.549      30  2222222
    88.0  23.384  35.155  223.78  0.2070  0.2668  93.547      53  2222222
    89.0  23.367  35.158  223.45  0.2224  0.2668  93.549     137  2222222
    90.0  23.231  35.172  222.42  0.2207  0.2662  93.562      30  2222222
    91.0  23.199  35.174  223.07  0.2058  0.2645  93.602      31  2222222
    92.0  23.179  35.175  222.67  0.2084  0.2636  93.621     144  2222222
    93.0  23.149  35.177  222.10  0.1976  0.2626  93.646      34  2222222
    94.0  23.126  35.177  222.00  0.2060  0.2624  93.650      48  2222222
    95.0  23.101  35.179  221.65  0.2175  0.2621  93.657     133  2222222
    96.0  23.021  35.183  220.24  0.2058  0.2615  93.670      24  2222222
    97.0  22.990  35.181  220.16  0.2149  0.2612  93.677      72  2222222
    98.0  22.949  35.183  220.66  0.2189  0.2609  93.685     121  2222222
    99.0  22.890  35.186  220.11  0.2174  0.2611  93.680      35  2222222
   100.0  22.853  35.188  219.01  0.2201  0.2609  93.686      41  2222222
   101.0  22.818  35.188  218.73  0.2425  0.2605  93.694      93  2222222
   102.0  22.785  35.189  218.71  0.2559  0.2610  93.684      92  2222222
   103.0  22.770  35.189  217.52  0.2445  0.2609  93.685      53  2222222
   104.0  22.753  35.189  218.73  0.2613  0.2615  93.671      81  2222222
   105.0  22.709  35.192  216.84  0.2526  0.2606  93.692      50  2222222
   106.0  22.651  35.192  216.29  0.2610  0.2614  93.672      75  2222222
   107.0  22.632  35.190  216.16  0.2878  0.2606  93.692      95  2222222
   108.0  22.620  35.190  215.68  0.2748  0.2597  93.713      57  2222222
   109.0  22.583  35.192  215.34  0.2594  0.2604  93.697      43  2222222
   110.0  22.535  35.196  215.36  0.2857  0.2619  93.661      57  2222222
   111.0  22.532  35.196  215.02  0.3138  0.2612  93.679     139  2222222
   112.0  22.489  35.205  214.88  0.3012  0.2621  93.658      33  2222222
   113.0  22.477  35.207  214.90  0.3100  0.2624  93.651      30  2222222
   114.0  22.478  35.208  214.92  0.3448  0.2629  93.638     142  2222222
   115.0  22.456  35.206  214.15  0.3385  0.2631  93.633      35  2222222
   116.0  22.433  35.203  213.48  0.3375  0.2634  93.627      43  2222222
   117.0  22.421  35.203  213.85  0.3720  0.2635  93.625     113  2222222
   118.0  22.413  35.209  214.89  0.3909  0.2644  93.604      54  2222222
   119.0  22.376  35.216  214.95  0.3653  0.2646  93.600      58  2222222
   120.0  22.342  35.217  214.99  0.3983  0.2641  93.611     138  2222222
   121.0  22.295  35.216  214.43  0.3714  0.2637  93.621      21  2222222
   122.0  22.278  35.215  213.28  0.4224  0.2639  93.616      54  2222222
   123.0  22.252  35.212  213.00  0.4600  0.2659  93.568      92  2222222
   124.0  22.175  35.209  212.54  0.4967  0.2679  93.521      86  2222222
   125.0  22.057  35.207  210.85  0.5085  0.2680  93.521      25  2222222
   126.0  22.055  35.205  210.92  0.6454  0.2704  93.462     147  2222222
   127.0  22.004  35.203  210.15  0.6444  0.2708  93.454      52  2222222
   128.0  21.926  35.197  209.12  0.5909  0.2699  93.476      19  2222222
   129.0  21.926  35.197  209.65  0.6151  0.2690  93.497     111  2222222
   130.0  21.864  35.196  209.11  0.6322  0.2687  93.503      89  2222222
   131.0  21.796  35.194  207.20  0.5820  0.2683  93.514      21  2222222
   132.0  21.784  35.192  208.00  0.5706  0.2663  93.561     107  2222222
   133.0  21.667  35.192  207.63  0.5788  0.2658  93.571      75  2222222
   134.0  21.549  35.189  205.64  0.5106  0.2650  93.591      20  2222222
   135.0  21.550  35.187  206.58  0.5046  0.2636  93.623     122  2222222
   136.0  21.512  35.187  206.75  0.5131  0.2633  93.630      72  2222222
   137.0  21.448  35.183  205.95  0.4538  0.2627  93.644      21  2222222
   138.0  21.428  35.182  206.35  0.4613  0.2620  93.660     103  2222222
   139.0  21.348  35.179  206.16  0.4621  0.2611  93.679      86  2222222
   140.0  21.218  35.174  205.69  0.4121  0.2592  93.725      33  2222222
   141.0  21.173  35.171  205.41  0.4249  0.2584  93.745      84  2222222
   142.0  21.157  35.173  206.71  0.4364  0.2570  93.777      98  2222222
   143.0  21.162  35.178  207.79  0.3808  0.2566  93.786      36  2222222
   144.0  21.167  35.180  208.13  0.3807  0.2561  93.798      62  2222222
   145.0  21.168  35.184  209.76  0.4201  0.2561  93.796      81  2222222
   146.0  21.093  35.194  212.13  0.3716  0.2546  93.835      58  2222222
   147.0  21.062  35.193  211.62  0.4039  0.2533  93.865      86  2222222
   148.0  21.019  35.191  211.16  0.3952  0.2528  93.875      66  2222222
   149.0  20.991  35.188  211.19  0.3268  0.2526  93.881      42  2222222
   150.0  20.969  35.189  212.49  0.3348  0.2520  93.896     107  2222222
   151.0  20.931  35.190  212.45  0.3145  0.2516  93.905      42  2222222
   152.0  20.834  35.186  212.59  0.2824  0.2495  93.953      69  2222222
   153.0  20.825  35.188  212.94  0.2823  0.2493  93.959      63  2222222
   154.0  20.796  35.193  214.53  0.2413  0.2483  93.980      46  2222222
   155.0  20.781  35.199  215.95  0.2210  0.2462  94.031      57  2222222
   156.0  20.774  35.201  216.12  0.2179  0.2458  94.040      62  2222222
   157.0  20.760  35.203  215.86  0.1945  0.2457  94.043      48  2222222
   158.0  20.736  35.203  216.66  0.1925  0.2450  94.059      45  2222222
   159.0  20.709  35.203  216.25  0.1798  0.2447  94.066      48  2222222
   160.0  20.677  35.204  216.85  0.1766  0.2444  94.074      55  2222222
   161.0  20.656  35.206  216.84  0.1642  0.2437  94.090      55  2222222
   162.0  20.640  35.206  217.73  0.1628  0.2435  94.094      51  2222222
   163.0  20.592  35.212  218.36  0.1483  0.2434  94.098      33  2222222
   164.0  20.571  35.213  217.79  0.1233  0.2424  94.120      34  2222222
   165.0  20.533  35.205  217.35  0.1307  0.2448  94.064      96  2222222
   166.0  20.485  35.204  218.44  0.1287  0.2425  94.118      33  2222222
   167.0  20.503  35.217  218.92  0.1092  0.2424  94.121      29  2222222
   168.0  20.467  35.216  218.31  0.1045  0.2418  94.135      33  2222222
   169.0  20.458  35.218  218.76  0.1050  0.2413  94.146      56  2222222
   170.0  20.459  35.219  218.93  0.1128  0.2414  94.143      58  2222222
   171.0  20.453  35.224  219.77  0.1033  0.2409  94.155      30  2222222
   172.0  20.434  35.220  219.50  0.0936  0.2411  94.149      29  2222222
   173.0  20.420  35.216  218.67  0.0934  0.2405  94.164      40  2222222
   174.0  20.374  35.205  217.28  0.1021  0.2408  94.157      60  2222222
   175.0  20.326  35.196  215.98  0.1012  0.2405  94.163      49  2222222
   176.0  20.284  35.188  216.02  0.0932  0.2405  94.164      26  2222222
   177.0  20.235  35.180  215.88  0.0856  0.2410  94.153      23  2222222
   178.0  20.210  35.176  215.65  0.0815  0.2407  94.158      22  2222222
   179.0  20.187  35.174  214.91  0.0821  0.2404  94.167      29  2222222
   180.0  20.180  35.173  215.18  0.0919  0.2400  94.177      82  2222222
   181.0  20.165  35.172  214.89  0.0832  0.2400  94.176      40  2222222
   182.0  20.153  35.170  215.70  0.0821  0.2404  94.167      27  2222222
   183.0  20.145  35.169  215.26  0.0765  0.2404  94.166      25  2222222
   184.0  20.139  35.168  214.76  0.0760  0.2396  94.185      28  2222222
   185.0  20.114  35.166  215.05  0.0821  0.2399  94.179      35  2222222
   186.0  20.104  35.165  215.60  0.0929  0.2400  94.175      44  2222222
   187.0  20.084  35.164  215.94  0.0849  0.2396  94.185      37  2222222
   188.0  20.065  35.163  215.12  0.0817  0.2395  94.187      29  2222222
   189.0  20.022  35.158  214.69  0.0779  0.2395  94.187      30  2222222
   190.0  19.938  35.151  214.42  0.0763  0.2395  94.188      32  2222222
   191.0  19.902  35.148  215.40  0.0818  0.2394  94.191      45  2222222
   192.0  19.887  35.147  215.21  0.0871  0.2395  94.188      53  2222222
   193.0  19.824  35.142  215.20  0.0821  0.2395  94.188      30  2222222
   194.0  19.791  35.139  215.02  0.0747  0.2395  94.188      22  2222222
   195.0  19.761  35.137  214.77  0.0700  0.2401  94.174      22  2222222
   196.0  19.735  35.135  214.52  0.0706  0.2395  94.189      27  2222222
   197.0  19.693  35.130  214.69  0.0775  0.2392  94.194      35  2222222
   198.0  19.654  35.125  214.54  0.0760  0.2394  94.191      49  2222222
   199.0  19.587  35.117  214.22  0.0722  0.2394  94.190      42  2222222
   200.0  19.482  35.105  213.48  0.0706  0.2389  94.201      29  2222222
   201.0  19.434  35.101  213.86  0.0645  0.2391  94.198      23  2222222
   202.0  19.412  35.098  214.48  0.0623  0.2386  94.209      21  2222222
   203.0  19.393  35.096  214.85  0.0706  0.2385  94.214      24  2222222
   204.0  19.382  35.095  214.93  0.0706  0.2384  94.214      37  2222222
   205.0  19.379  35.094  214.60  0.0756  0.2385  94.213      58  2222222
   206.0  19.371  35.093  214.54  0.0676  0.2383  94.216      35  2222222
   207.0  19.321  35.089  215.07  0.0590  0.2385  94.213      29  2222222
   208.0  19.262  35.083  215.08  0.0590  0.2382  94.218      26  2222222
   209.0  19.207  35.074  214.45  0.0590  0.2382  94.219      22  2222222
   210.0  19.061  35.054  214.06  0.0590  0.2385  94.214      23  2222222
   211.0  18.957  35.040  213.83  0.0590  0.2377  94.230      26  2222222
   212.0  18.908  35.031  213.38  0.0656  0.2383  94.217      48  2222222
   213.0  18.885  35.028  213.43  0.0704  0.2376  94.232      50  2222222
   214.0  18.874  35.027  213.92  0.0670  0.2374  94.236      32  2222222
   215.0  18.872  35.027  213.92  0.0590  0.2375  94.234      30  2222222
   216.0  18.851  35.022  213.54  0.0590  0.2380  94.223      29  2222222
   217.0  18.814  35.017  212.99  0.0590  0.2375  94.235      29  2222222
   218.0  18.770  35.011  213.97  0.0590  0.2374  94.237      26  2222222
   219.0  18.716  35.011  214.81  0.0590  0.2375  94.235      35  2222222
   220.0  18.668  35.004  214.12  0.0649  0.2374  94.237      43  2222222
   221.0  18.615  34.994  213.84  0.0602  0.2374  94.237      31  2222222
   222.0  18.551  34.981  213.86  0.0590  0.2375  94.234      23  2222222
   223.0  18.482  34.970  213.53  0.0590  0.2381  94.222      27  2222222
   224.0  18.373  34.958  213.33  0.0590  0.2376  94.232      36  2222222
   225.0  18.255  34.941  212.66  0.0663  0.2380  94.224      38  2222222
   226.0  18.155  34.926  212.91  0.0595  0.2375  94.234      26  2222222
   227.0  18.131  34.923  213.56  0.0590  0.2377  94.231      22  2222222
   228.0  18.107  34.925  213.52  0.0590  0.2381  94.220      25  2222222
   229.0  18.083  34.923  213.54  0.0590  0.2380  94.224      38  2222222
   230.0  18.033  34.914  213.84  0.0590  0.2374  94.237      35  2222222
   231.0  17.968  34.905  214.09  0.0590  0.2375  94.234      30  2222222
   232.0  17.926  34.896  213.48  0.0590  0.2374  94.237      29  2222222
   233.0  17.800  34.880  213.00  0.0568  0.2375  94.234      31  2222222
   234.0  17.711  34.869  213.16  0.0511  0.2374  94.238      29  2222222
   235.0  17.661  34.862  212.59  0.0590  0.2374  94.237      25  2222222
   236.0  17.610  34.854  212.73  0.0590  0.2374  94.238      23  2222222
   237.0  17.535  34.846  213.20  0.0590  0.2374  94.237      24  2222222
   238.0  17.481  34.840  212.88  0.0555  0.2374  94.238      30  2222222
   239.0  17.423  34.832  213.14  0.0541  0.2379  94.225      40  2222222
   240.0  17.384  34.824  213.16  0.0544  0.2372  94.243      45  2222222
   241.0  17.319  34.810  212.79  0.0475  0.2370  94.247      30  2222222
   242.0  17.197  34.792  211.86  0.0475  0.2369  94.249      24  2222222
   243.0  17.076  34.772  211.82  0.0469  0.2369  94.248      22  2222222
   244.0  16.936  34.761  211.73  0.0475  0.2367  94.254      20  2222222
   245.0  16.899  34.755  211.33  0.0475  0.2370  94.246      24  2222222
   246.0  16.855  34.748  211.22  0.0542  0.2367  94.253      38  2222222
   247.0  16.800  34.740  211.08  0.0483  0.2365  94.258      42  2222222
   248.0  16.729  34.730  211.34  0.0543  0.2363  94.265      29  2222222
   249.0  16.705  34.726  210.75  0.0511  0.2362  94.265      26  2222222
   250.0  16.669  34.718  210.96  0.0475  0.2367  94.254      33  2222222
   251.0  16.568  34.705  211.83  0.0475  0.2364  94.261      32  2222222
   252.0  16.456  34.692  211.91  0.0470  0.2364  94.261      23  2222222
   253.0  16.304  34.676  211.82  0.0470  0.2365  94.259      27  2222222
   254.0  16.214  34.669  211.97  0.0475  0.2362  94.265      38  2222222
   255.0  16.166  34.662  212.07  0.0475  0.2362  94.266      35  2222222
   256.0  16.151  34.660  212.06  0.0475  0.2363  94.265      30  2222222
   257.0  16.135  34.657  211.89  0.0475  0.2357  94.278      24  2222222
   258.0  16.098  34.653  212.25  0.0475  0.2356  94.280      24  2222222
   259.0  16.068  34.650  212.74  0.0475  0.2354  94.286      23  2222222
   260.0  16.031  34.645  212.54  0.0475  0.2354  94.286      25  2222222
   261.0  15.963  34.636  212.49  0.0475  0.2355  94.283      32  2222222
   262.0  15.878  34.626  212.04  0.0472  0.2354  94.286      45  2222222
   263.0  15.812  34.618  212.44  0.0475  0.2355  94.284      36  2222222
   264.0  15.757  34.612  212.21  0.0470  0.2354  94.287      26  2222222
   265.0  15.728  34.607  212.31  0.0475  0.2354  94.286      24  2222222
   266.0  15.654  34.599  212.68  0.0470  0.2355  94.283      23  2222222
   267.0  15.609  34.595  212.35  0.0475  0.2355  94.284      27  2222222
   268.0  15.559  34.588  212.98  0.0475  0.2354  94.286      30  2222222
   269.0  15.469  34.582  213.94  0.0472  0.2348  94.300      42  2222222
   270.0  15.424  34.576  213.53  0.0471  0.2345  94.305      33  2222222
   271.0  15.323  34.561  213.97  0.0475  0.2345  94.306      23  2222222
   272.0  15.166  34.553  214.56  0.0469  0.2348  94.300      22  2222222
   273.0  15.148  34.549  214.47  0.0470  0.2343  94.310      23  2222222
   274.0  15.135  34.547  214.32  0.0475  0.2344  94.309      32  2222222
   275.0  15.127  34.544  213.80  0.0472  0.2344  94.309      43  2222222
   276.0  15.118  34.543  214.26  0.0472  0.2346  94.303      38  2222222
   277.0  15.104  34.541  214.69  0.0471  0.2344  94.309      30  2222222
   278.0  15.077  34.538  214.30  0.0475  0.2343  94.309      25  2222222
   279.0  15.056  34.535  213.91  0.0475  0.2343  94.310      22  2222222
   280.0  15.037  34.534  213.72  0.0469  0.2343  94.310      21  2222222
   281.0  15.027  34.533  213.79  0.0475  0.2343  94.310      23  2222222
   282.0  15.018  34.532  214.35  0.0471  0.2343  94.311      30  2222222
   283.0  15.008  34.530  214.50  0.0472  0.2340  94.317      41  2222222
   284.0  14.991  34.528  214.60  0.0475  0.2342  94.312      47  2222222
   285.0  14.927  34.523  215.05  0.0467  0.2344  94.309      31  2222222
   286.0  14.890  34.520  215.78  0.0475  0.2343  94.310      22  2222222
   287.0  14.854  34.517  215.65  0.0475  0.2342  94.314      20  2222222
   288.0  14.837  34.516  215.49  0.0475  0.2343  94.310      21  2222222
   289.0  14.812  34.514  215.38  0.0471  0.2343  94.311      28  2222222
   290.0  14.774  34.511  215.83  0.0472  0.2341  94.316      43  2222222
   291.0  14.721  34.507  216.87  0.0475  0.2337  94.326      37  2222222
   292.0  14.672  34.502  217.57  0.0464  0.2335  94.330      30  2222222
   293.0  14.613  34.497  217.64  0.0475  0.2336  94.327      27  2222222
   294.0  14.578  34.492  217.81  0.0470  0.2337  94.325      27  2222222
   295.0  14.519  34.486  217.91  0.0465  0.2340  94.318      25  2222222
   296.0  14.484  34.482  217.91  0.0475  0.2341  94.314      24  2222222
   297.0  14.443  34.476  218.47  0.0471  0.2339  94.321      30  2222222
   298.0  14.365  34.470  217.28  0.0475  0.2340  94.317      44  2222222
   299.0  14.248  34.457  216.76  0.0475  0.2337  94.324      32  2222222
   300.0  14.203  34.453  217.24  0.0475  0.2333  94.334      24  2222222
   301.0  14.185  34.450  217.33  0.0469  0.2333  94.333      21  2222222
   302.0  14.123  34.442  217.09  0.0475  0.2337  94.324      26  2222222
   303.0  14.068  34.438  217.20  0.0475  0.2333  94.335      28  2222222
   304.0  14.056  34.436  216.97  0.0471  0.2333  94.335      30  2222222
   305.0  14.039  34.434  216.64  0.0475  0.2333  94.334      29  2222222
   306.0  14.013  34.431  217.43  0.0475  0.2333  94.335      48  2222222
   307.0  13.991  34.428  217.69  0.0475  0.2335  94.329      41  2222222
   308.0  13.956  34.425  217.99  0.0475  0.2332  94.338      25  2222222
   309.0  13.953  34.424  218.19  0.0469  0.2332  94.338      21  2222222
   310.0  13.943  34.422  218.48  0.0469  0.2332  94.336      19  2222222
   311.0  13.922  34.420  218.13  0.0475  0.2333  94.336      21  2222222
   312.0  13.890  34.416  218.09  0.0470  0.2329  94.344      23  2222222
   313.0  13.808  34.408  218.61  0.0475  0.2332  94.336      27  2222222
   314.0  13.727  34.403  218.91  0.0472  0.2332  94.337      37  2222222
   315.0  13.695  34.399  218.44  0.0469  0.2332  94.337      40  2222222
   316.0  13.668  34.396  218.54  0.0475  0.2332  94.336      36  2222222
   317.0  13.654  34.394  218.88  0.0475  0.2329  94.344      31  2222222
   318.0  13.643  34.393  219.05  0.0475  0.2331  94.339      25  2222222
   319.0  13.626  34.390  218.68  0.0475  0.2323  94.358      22  2222222
   320.0  13.557  34.382  218.79  0.0470  0.2323  94.359      23  2222222
   321.0  13.500  34.378  218.91  0.0470  0.2323  94.359      25  2222222
   322.0  13.471  34.375  218.58  0.0475  0.2325  94.355      33  2222222
   323.0  13.436  34.372  218.52  0.0470  0.2328  94.348      45  2222222
   324.0  13.400  34.368  219.18  0.0475  0.2328  94.348      36  2222222
   325.0  13.368  34.364  219.58  0.0471  0.2323  94.359      28  2222222
   326.0  13.352  34.362  219.57  0.0469  0.2323  94.359      22  2222222
   327.0  13.335  34.360  219.21  0.0475  0.2323  94.359      22  2222222
   328.0  13.288  34.354  219.20  0.0470  0.2323  94.360      25  2222222
   329.0  13.217  34.349  219.55  0.0471  0.2322  94.361      29  2222222
   330.0  13.192  34.346  219.36  0.0471  0.2323  94.359      34  2222222
   331.0  13.177  34.344  219.83  0.0472  0.2322  94.361      38  2222222
   332.0  13.155  34.342  219.80  0.0471  0.2323  94.359      32  2222222
   333.0  13.131  34.340  219.97  0.0475  0.2322  94.362      28  2222222
   334.0  13.098  34.338  219.78  0.0470  0.2323  94.359      25  2222222
   335.0  13.076  34.336  219.93  0.0470  0.2317  94.372      25  2222222
   336.0  13.063  34.335  220.11  0.0475  0.2323  94.359      31  2222222
   337.0  13.045  34.333  219.85  0.0471  0.2319  94.368      32  2222222
   338.0  13.019  34.331  219.77  0.0471  0.2323  94.360      31  2222222
   339.0  12.985  34.328  220.77  0.0470  0.2320  94.365      26  2222222
   340.0  12.957  34.326  221.18  0.0466  0.2319  94.368      26  2222222
   341.0  12.943  34.325  220.72  0.0471  0.2322  94.361      32  2222222
   342.0  12.898  34.322  220.72  0.0469  0.2322  94.361      39  2222222
   343.0  12.875  34.320  220.68  0.0475  0.2314  94.379      31  2222222
   344.0  12.859  34.319  220.46  0.0470  0.2312  94.383      26  2222222
   345.0  12.839  34.317  220.52  0.0475  0.2312  94.383      22  2222222
   346.0  12.814  34.315  220.54  0.0475  0.2317  94.372      22  2222222
   347.0  12.786  34.313  220.89  0.0470  0.2319  94.368      27  2222222
   348.0  12.766  34.312  221.08  0.0468  0.2312  94.383      35  2222222
   349.0  12.754  34.311  221.36  0.0475  0.2315  94.376      34  2222222
   350.0  12.745  34.310  221.16  0.0467  0.2320  94.365      29  2222222
   351.0  12.730  34.308  221.48  0.0465  0.2314  94.380      25  2222222
   352.0  12.713  34.307  222.00  0.0475  0.2313  94.380      23  2222222
   353.0  12.682  34.304  221.71  0.0462  0.2312  94.383      26  2222222
   354.0  12.642  34.302  221.70  0.0465  0.2312  94.383      34  2222222
   355.0  12.612  34.300  221.54  0.0465  0.2312  94.383      37  2222222
   356.0  12.594  34.299  221.88  0.0470  0.2312  94.382      27  2222222
   357.0  12.573  34.298  221.94  0.0475  0.2312  94.383      23  2222222
   358.0  12.565  34.297  222.11  0.0464  0.2312  94.383      21  2222222
   359.0  12.557  34.297  221.76  0.0470  0.2312  94.382      25  2222222
   360.0  12.511  34.293  221.84  0.0468  0.2312  94.383      33  2222222
   361.0  12.411  34.288  222.37  0.0468  0.2312  94.383      49  2222222
   362.0  12.366  34.283  222.58  0.0471  0.2317  94.372      34  2222222
   363.0  12.316  34.278  222.89  0.0469  0.2310  94.388      22  2222222
   364.0  12.267  34.275  222.93  0.0469  0.2309  94.390      19  2222222
   365.0  12.230  34.274  222.77  0.0469  0.2312  94.383      21  2222222
   366.0  12.198  34.272  222.66  0.0475  0.2312  94.383      25  2222222
   367.0  12.183  34.270  222.40  0.0471  0.2313  94.380      30  2222222
   368.0  12.141  34.267  222.41  0.0472  0.2312  94.384      36  2222222
   369.0  12.114  34.265  222.37  0.0468  0.2312  94.384      35  2222222
   370.0  12.100  34.264  222.07  0.0465  0.2312  94.384      32  2222222
   371.0  12.082  34.262  221.99  0.0466  0.2308  94.393      27  2222222
   372.0  12.061  34.261  222.07  0.0475  0.2311  94.385      23  2222222
   373.0  12.028  34.260  221.44  0.0461  0.2312  94.384      24  2222222
   374.0  11.997  34.261  220.90  0.0475  0.2310  94.387      31  2222222
   375.0  11.984  34.261  220.67  0.0469  0.2312  94.383      39  2222222
   376.0  11.977  34.260  220.63  0.0466  0.2310  94.388      27  2222222
   377.0  11.972  34.260  220.87  0.0475  0.2312  94.384      22  2222222
   378.0  11.965  34.259  220.69  0.0470  0.2311  94.385      23  2222222
   379.0  11.948  34.258  220.72  0.0466  0.2307  94.396      26  2222222
   380.0  11.939  34.258  220.92  0.0465  0.2310  94.388      34  2222222
   381.0  11.926  34.257  220.56  0.0465  0.2308  94.392      33  2222222
   382.0  11.905  34.256  220.44  0.0475  0.2307  94.395      38  2222222
   383.0  11.876  34.254  219.98  0.0452  0.2312  94.384      31  2222222
   384.0  11.859  34.254  220.14  0.0452  0.2310  94.387      25  2222222
   385.0  11.856  34.253  219.97  0.0470  0.2310  94.388      23  2222222
   386.0  11.855  34.253  219.49  0.0469  0.2305  94.400      22  2222222
   387.0  11.852  34.253  219.82  0.0470  0.2311  94.386      24  2222222
   388.0  11.848  34.252  220.07  0.0464  0.2308  94.392      30  2222222
   389.0  11.843  34.251  220.08  0.0471  0.2309  94.390      33  2222222
   390.0  11.839  34.251  219.88  0.0467  0.2311  94.386      31  2222222
   391.0  11.837  34.251  219.75  0.0465  0.2311  94.387      35  2222222
   392.0  11.833  34.250  219.82  0.0471  0.2311  94.387      34  2222222
   393.0  11.826  34.250  219.98  0.0555  0.2310  94.387      30  2222222
   394.0  11.818  34.249  219.85  0.0470  0.2310  94.387      25  2222222
   395.0  11.807  34.248  219.84  0.0469  0.2311  94.386      21  2222222
   396.0  11.783  34.246  219.75  0.0475  0.2310  94.389      21  2222222
   397.0  11.756  34.245  219.52  0.0470  0.2310  94.390      24  2222222
   398.0  11.732  34.244  219.39  0.0465  0.2312  94.383      33  2222222
   399.0  11.703  34.241  218.95  0.0461  0.2311  94.386      42  2222222
   400.0  11.660  34.237  218.70  0.0466  0.2310  94.388      27  2222222
   401.0  11.625  34.235  219.12  0.0465  0.2310  94.387      24  2222222
   402.0  11.606  34.234  218.54  0.0470  0.2308  94.393      24  2222222
   403.0  11.565  34.229  217.99  0.0462  0.2304  94.403      26  2222222
   404.0  11.466  34.223  217.38  0.0465  0.2303  94.406      35  2222222
   405.0  11.436  34.222  216.84  0.0469  0.2308  94.393      43  2222222
   406.0  11.420  34.219  216.93  0.0459  0.2304  94.404      29  2222222
   407.0  11.392  34.216  216.52  0.0465  0.2304  94.402      22  2222222
   408.0  11.362  34.213  216.72  0.0475  0.2311  94.387      21  2222222
   409.0  11.319  34.207  217.16  0.0469  0.2311  94.387      22  2222222
   410.0  11.272  34.203  217.06  0.0465  0.2308  94.394      25  2222222
   411.0  11.250  34.201  216.95  0.0470  0.2303  94.406      25  2222222
   412.0  11.232  34.199  216.77  0.0466  0.2304  94.402      27  2222222
   413.0  11.217  34.197  216.84  0.0467  0.2304  94.402      72  2222222
   414.0  11.209  34.195  216.46  0.0468  0.2306  94.399      35  2222222
   415.0  11.184  34.193  217.02  0.0465  0.2305  94.401      22  2222222
   416.0  11.168  34.193  217.31  0.0475  0.2305  94.401      17  2222222
   417.0  11.162  34.193  216.85  0.0467  0.2304  94.403      15  2222222
   418.0  11.154  34.192  216.31  0.0467  0.2303  94.406      16  2222222
   419.0  11.142  34.191  216.03  0.0462  0.2310  94.389      18  2222222
   420.0  11.090  34.189  215.76  0.0455  0.2302  94.407      23  2222222
   421.0  11.045  34.189  214.91  0.0465  0.2302  94.407      45  2222222
   422.0  11.033  34.187  214.42  0.0468  0.2303  94.405      70  2222222
   423.0  11.023  34.187  214.42  0.0475  0.2307  94.396      30  2222222
   424.0  10.999  34.188  213.80  0.0459  0.2309  94.391      22  2222222
   425.0  10.970  34.186  212.80  0.0457  0.2308  94.394      19  2222222
   426.0  10.957  34.185  212.52  0.0442  0.2303  94.404      21  2222222
   427.0  10.898  34.181  213.20  0.0463  0.2303  94.404      28  2222222
   428.0  10.861  34.179  213.53  0.0456  0.2304  94.404      31  2222222
   429.0  10.845  34.177  213.18  0.0462  0.2306  94.397      27  2222222
   430.0  10.815  34.175  212.90  0.0452  0.2317  94.373      25  2222222
   431.0  10.798  34.174  212.69  0.0466  0.2313  94.382      26  2222222
   432.0  10.781  34.171  212.80  0.0463  0.2308  94.392      28  2222222
   433.0  10.736  34.170  212.73  0.0459  0.2311  94.386      29  2222222
   434.0  10.686  34.168  211.48  0.0461  0.2310  94.389      40  2222222
   435.0  10.659  34.167  210.91  0.0530  0.2307  94.395      46  2222222
   436.0  10.645  34.166  210.44  0.0456  0.2310  94.388      31  2222222
   437.0  10.623  34.165  209.89  0.0465  0.2309  94.390      22  2222222
   438.0  10.604  34.165  209.70  0.0469  0.2311  94.387      21  2222222
   439.0  10.587  34.165  209.55  0.0464  0.2312  94.383      20  2222222
   440.0  10.569  34.164  208.91  0.0453  0.2312  94.383      21  2222222
   441.0  10.544  34.164  208.01  0.0444  0.2311  94.386      22  2222222
   442.0  10.534  34.163  207.72  0.0450  0.2312  94.384      28  2222222
   443.0  10.521  34.162  208.19  0.0447  0.2310  94.388      46  2222222
   444.0  10.509  34.161  208.24  0.0451  0.2307  94.395      53  2222222
   445.0  10.486  34.160  207.66  0.0448  0.2307  94.395      26  2222222
   446.0  10.469  34.159  207.45  0.0440  0.2308  94.393      23  2222222
   447.0  10.458  34.158  207.26  0.0491  0.2311  94.387      22  2222222
   448.0  10.437  34.157  206.94  0.0533  0.2311  94.385      24  2222222
   449.0  10.418  34.156  206.65  0.0457  0.2328  94.346      26  2222222
   450.0  10.398  34.156  206.41  0.0433  0.2311  94.387      28  2222222
   451.0  10.387  34.155  206.23  0.0448  0.2308  94.393      35  2222222
   452.0  10.383  34.155  206.06  0.0453  0.2304  94.402      32  2222222
   453.0  10.381  34.154  206.29  0.0458  0.2303  94.404      27  2222222
   454.0  10.376  34.154  206.38  0.0455  0.2306  94.398      23  2222222
   455.0  10.364  34.153  205.83  0.0465  0.2305  94.400      22  2222222
   456.0  10.357  34.153  205.63  0.0448  0.2310  94.388      30  2222222
   457.0  10.344  34.152  205.50  0.0445  0.2313  94.381      69  2222222
   458.0  10.308  34.150  205.05  0.0456  0.2305  94.401      30  2222222
   459.0  10.256  34.146  204.48  0.0568  0.2303  94.405      20  2222222
   460.0  10.207  34.148  203.82  0.0504  0.2306  94.399      16  2222222
   461.0  10.196  34.148  203.10  0.0460  0.2310  94.388      15  2222222
   462.0  10.189  34.147  202.41  0.0439  0.2312  94.383      16  2222222
   463.0  10.159  34.144  201.98  0.0488  0.2312  94.383      18  2222222
   464.0  10.148  34.146  201.44  0.0587  0.2311  94.385      29  2222222
   465.0  10.159  34.145  201.54  0.0467  0.2307  94.395      94  2222222
   466.0  10.127  34.144  202.22  0.0449  0.2305  94.400      23  2222222
   467.0  10.113  34.143  202.41  0.0446  0.2310  94.388      16  2222222
   468.0  10.085  34.142  201.47  0.0497  0.2303  94.406      16  2222222
   469.0  10.045  34.140  200.15  0.0590  0.2303  94.405      15  2222222
   470.0   9.995  34.137  199.03  0.0498  0.2306  94.398      15  2222222
   471.0   9.875  34.132  197.77  0.0461  0.2307  94.396      24  2222222
   472.0   9.880  34.134  197.64  0.0478  0.2306  94.398      85  2222222
   473.0   9.780  34.127  197.67  0.0586  0.2306  94.397      26  2222222
   474.0   9.705  34.124  196.20  0.0503  0.2311  94.386      20  2222222
   475.0   9.641  34.123  195.10  0.0467  0.2305  94.400      16  2222222
   476.0   9.626  34.122  194.39  0.0447  0.2311  94.386      17  2222222
   477.0   9.616  34.121  193.88  0.0453  0.2308  94.393      21  2222222
   478.0   9.607  34.120  193.60  0.0460  0.2310  94.388      31  2222222
   479.0   9.606  34.119  193.93  0.0557  0.2309  94.391      88  2222222
   480.0   9.591  34.118  194.09  0.0448  0.2317  94.372      30  2222222
   481.0   9.544  34.115  193.73  0.0425  0.2305  94.400      23  2222222
   482.0   9.497  34.113  193.06  0.0432  0.2311  94.385      19  2222222
   483.0   9.443  34.112  192.08  0.0584  0.2304  94.402      18  2222222
   484.0   9.428  34.111  191.33  0.0481  0.2306  94.397      21  2222222
   485.0   9.400  34.110  190.53  0.0543  0.2305  94.400      32  2222222
   486.0   9.396  34.109  190.74  0.0579  0.2307  94.395      90  2222222
   487.0   9.358  34.107  190.63  0.0582  0.2309  94.392      27  2222222
   488.0   9.306  34.103  189.94  0.0568  0.2305  94.399      20  2222222
   489.0   9.241  34.102  189.20  0.0585  0.2308  94.392      20  2222222
   490.0   9.219  34.102  188.18  0.0590  0.2306  94.398      21  2222222
   491.0   9.212  34.101  187.23  0.0578  0.2309  94.390      28  2222222
   492.0   9.206  34.100  187.34  0.0489  0.2305  94.401      81  2222222
   493.0   9.204  34.099  187.63  0.0504  0.2304  94.404      43  2222222
   494.0   9.200  34.099  187.22  0.0452  0.2311  94.386      25  2222222
   495.0   9.187  34.098  187.09  0.0539  0.2312  94.383      27  2222222
   496.0   9.165  34.097  186.76  0.0571  0.2309  94.391      37  2222222
   497.0   9.160  34.096  186.17  0.0570  0.2304  94.403      91  2222222
   498.0   9.142  34.096  186.56  0.0503  0.2310  94.389      48  2222222
   499.0   9.138  34.095  186.40  0.0554  0.2307  94.395      35  2222222
   500.0   9.137  34.093  185.81  0.0552  0.2302  94.407     870  2222222
   501.0   9.135  34.093  185.70  0.0555  0.2302  94.409    1206  2222222
   502.0   9.129  34.092  185.40  0.0480  0.2301  94.410      92  2222222
   503.0   9.128  34.091  185.39  0.0521  0.2298  94.418       5  2222222
