  CTDPRS  CTDTMP  CTDSAL  CTDOXY  CHLPIG BEAM.AT   XMISS  NUMBER   QUALT1
    DBAR  ITS-90  PSS-78  uMOL/L    uG/L     1/M       %     OBS.       *
 ******* ******* ******* ******* ******* ******* *******                *
     2.0  25.927  35.253  212.51  0.0706  0.2722  93.422      23  2222222
     3.0  25.924  35.253  212.29  0.0699  0.2726  93.413      35  2222222
     4.0  25.924  35.253  212.30  0.0725  0.2704  93.463     142  2222222
     5.0  25.927  35.253  211.51  0.0706  0.2707  93.455      29  2222222
     6.0  25.927  35.253  212.17  0.0706  0.2713  93.441      38  2222222
     7.0  25.927  35.253  212.36  0.0703  0.2706  93.458      44  2222222
     8.0  25.923  35.253  211.66  0.0721  0.2702  93.467      90  2222222
     9.0  25.927  35.253  212.05  0.0788  0.2710  93.448      87  2222222
    10.0  25.936  35.254  211.84  0.0775  0.2713  93.441      40  2222222
    11.0  25.937  35.254  211.63  0.0747  0.2708  93.454      61  2222222
    12.0  25.937  35.254  211.67  0.0843  0.2726  93.412     100  2222222
    13.0  25.932  35.254  211.53  0.0762  0.2706  93.459      45  2222222
    14.0  25.919  35.253  211.90  0.0720  0.2708  93.453      63  2222222
    15.0  25.924  35.253  211.90  0.0796  0.2706  93.459     119  2222222
    16.0  25.882  35.250  212.84  0.0821  0.2713  93.441      41  2222222
    17.0  25.877  35.250  212.48  0.0821  0.2714  93.441      40  2222222
    18.0  25.874  35.250  212.80  0.0821  0.2717  93.433      88  2222222
    19.0  25.854  35.248  212.42  0.0818  0.2725  93.414      80  2222222
    20.0  25.830  35.246  213.21  0.0889  0.2733  93.395      39  2222222
    21.0  25.812  35.244  213.26  0.0821  0.2713  93.441      50  2222222
    22.0  25.810  35.243  212.85  0.0863  0.2713  93.441     120  2222222
    23.0  25.806  35.243  212.36  0.0888  0.2704  93.463      53  2222222
    24.0  25.800  35.241  213.37  0.0896  0.2706  93.458      37  2222222
    25.0  25.797  35.240  212.66  0.0870  0.2709  93.451      52  2222222
    26.0  25.798  35.240  212.68  0.0821  0.2705  93.460     137  2222222
    27.0  25.795  35.239  213.21  0.0821  0.2711  93.446      23  2222222
    28.0  25.788  35.238  213.23  0.0821  0.2712  93.444      31  2222222
    29.0  25.782  35.237  212.97  0.0880  0.2712  93.445     125  2222222
    30.0  25.766  35.234  213.43  0.0910  0.2706  93.458      43  2222222
    31.0  25.751  35.232  213.31  0.0916  0.2705  93.460     102  2222222
    32.0  25.722  35.229  214.72  0.0847  0.2703  93.465      59  2222222
    33.0  25.545  35.211  218.94  0.0910  0.2717  93.434      39  2222222
    34.0  25.183  35.183  222.74  0.0986  0.2745  93.368      35  2222222
    35.0  25.023  35.177  222.73  0.1030  0.2773  93.303     140  2222222
    36.0  24.906  35.177  222.73  0.1052  0.2766  93.318      38  2222222
    37.0  24.810  35.183  222.82  0.1052  0.2764  93.323      41  2222222
    38.0  24.785  35.182  223.41  0.1106  0.2749  93.358     105  2222222
    39.0  24.625  35.187  224.47  0.1125  0.2756  93.343      54  2222222
    40.0  24.481  35.191  224.56  0.1129  0.2754  93.347      60  2222222
    41.0  24.443  35.191  224.19  0.1105  0.2746  93.366     104  2222222
    42.0  24.393  35.190  224.61  0.1166  0.2747  93.363      50  2222222
    43.0  24.362  35.190  225.12  0.1168  0.2763  93.325      36  2222222
    44.0  24.308  35.193  225.13  0.1165  0.2760  93.333     118  2222222
    45.0  24.219  35.199  224.91  0.1277  0.2763  93.327      71  2222222
    46.0  24.130  35.206  225.40  0.1284  0.2764  93.323      34  2222222
    47.0  24.080  35.204  225.80  0.1284  0.2763  93.325      65  2222222
    48.0  24.038  35.206  225.57  0.1284  0.2766  93.318      82  2222222
    49.0  23.942  35.212  225.88  0.1355  0.2767  93.316      66  2222222
    50.0  23.802  35.214  226.14  0.1414  0.2770  93.310      75  2222222
    51.0  23.538  35.217  227.18  0.1366  0.2776  93.297      49  2222222
    52.0  23.490  35.216  227.15  0.1469  0.2770  93.309      63  2222222
    53.0  23.475  35.215  226.85  0.1437  0.2771  93.308      77  2222222
    54.0  23.461  35.215  227.02  0.1472  0.2769  93.313      70  2222222
    55.0  23.444  35.216  227.31  0.1514  0.2767  93.316      45  2222222
    56.0  23.371  35.219  227.29  0.1523  0.2761  93.330      78  2222222
    57.0  23.179  35.223  226.48  0.1595  0.2757  93.339      86  2222222
    58.0  23.076  35.226  226.24  0.1632  0.2761  93.331      63  2222222
    59.0  23.042  35.228  225.84  0.1686  0.2820  93.194      45  2222222
    60.0  23.021  35.228  225.60  0.1630  0.2767  93.316      74  2222222
    61.0  23.011  35.227  226.32  0.1630  0.2758  93.338      88  2222222
    62.0  22.988  35.227  226.34  0.1630  0.2744  93.371      55  2222222
    63.0  22.952  35.228  225.96  0.1628  0.2760  93.332      62  2222222
    64.0  22.849  35.229  224.84  0.1694  0.2747  93.364      70  2222222
    65.0  22.623  35.235  224.18  0.1668  0.2732  93.398      80  2222222
    66.0  22.563  35.235  224.29  0.1687  0.2732  93.399      56  2222222
    67.0  22.552  35.234  223.87  0.1745  0.2742  93.375      58  2222222
    68.0  22.551  35.233  223.55  0.1784  0.2736  93.389      75  2222222
    69.0  22.517  35.234  224.23  0.1771  0.2740  93.379      63  2222222
    70.0  22.452  35.234  224.08  0.1861  0.2727  93.410      77  2222222
    71.0  22.397  35.236  224.07  0.1952  0.2732  93.398      54  2222222
    72.0  22.269  35.240  224.68  0.1963  0.2717  93.433      63  2222222
    73.0  22.218  35.240  224.49  0.1937  0.2713  93.442      62  2222222
    74.0  22.204  35.239  223.98  0.1921  0.2708  93.454     109  2222222
    75.0  22.159  35.235  221.68  0.1911  0.2703  93.466      48  2222222
    76.0  22.005  35.224  220.46  0.1886  0.2719  93.428      36  2222222
    77.0  21.946  35.218  220.94  0.2088  0.2715  93.438     119  2222222
    78.0  21.914  35.214  220.86  0.2152  0.2726  93.413      53  2222222
    79.0  21.836  35.209  219.61  0.2186  0.2716  93.436      38  2222222
    80.0  21.822  35.208  219.84  0.2247  0.2718  93.432      37  2222222
    81.0  21.828  35.207  219.83  0.2454  0.2716  93.435     138  2222222
    82.0  21.823  35.207  219.48  0.2422  0.2714  93.439      29  2222222
    83.0  21.746  35.198  218.53  0.2406  0.2715  93.437      40  2222222
    84.0  21.609  35.185  218.37  0.2666  0.2729  93.404     121  2222222
    85.0  21.556  35.178  217.97  0.2873  0.2735  93.390      43  2222222
    86.0  21.530  35.175  218.65  0.2917  0.2739  93.383      40  2222222
    87.0  21.521  35.173  218.28  0.3201  0.2742  93.375     126  2222222
    88.0  21.496  35.172  219.33  0.3253  0.2748  93.361      56  2222222
    89.0  21.440  35.175  219.80  0.3087  0.2739  93.382      29  2222222
    90.0  21.338  35.173  220.74  0.2999  0.2733  93.395      42  2222222
    91.0  21.291  35.176  220.73  0.3219  0.2720  93.427     125  2222222
    92.0  21.237  35.178  222.10  0.3031  0.2709  93.450      44  2222222
    93.0  21.202  35.175  221.88  0.2958  0.2702  93.469      34  2222222
    94.0  21.148  35.176  224.16  0.3075  0.2718  93.430     123  2222222
    95.0  21.063  35.177  226.40  0.3073  0.2713  93.442      36  2222222
    96.0  21.023  35.177  228.69  0.2870  0.2697  93.480      34  2222222
    97.0  20.993  35.177  228.97  0.2908  0.2696  93.481     119  2222222
    98.0  20.944  35.174  229.28  0.2873  0.2692  93.493      51  2222222
    99.0  20.881  35.172  229.98  0.2786  0.2692  93.493      52  2222222
   100.0  20.861  35.171  229.70  0.3013  0.2693  93.489      87  2222222
   101.0  20.856  35.171  229.85  0.3019  0.2695  93.484      66  2222222
   102.0  20.847  35.170  230.25  0.2833  0.2714  93.439      50  2222222
   103.0  20.779  35.167  231.01  0.2750  0.2694  93.487      59  2222222
   104.0  20.692  35.164  230.39  0.3158  0.2692  93.492     109  2222222
   105.0  20.681  35.162  230.58  0.3087  0.2693  93.489      48  2222222
   106.0  20.657  35.158  228.83  0.3047  0.2700  93.471      40  2222222
   107.0  20.591  35.146  224.86  0.3448  0.2729  93.406      43  2222222
   108.0  20.510  35.131  222.80  0.5441  0.2829  93.172     119  2222222
   109.0  20.327  35.107  218.26  0.7952  0.2858  93.106      48  2222222
   110.0  20.282  35.109  218.57  0.9065  0.2862  93.094      49  2222222
   111.0  20.286  35.109  218.91  0.9351  0.2852  93.118      94  2222222
   112.0  20.285  35.111  219.50  0.8974  0.2844  93.137      42  2222222
   113.0  20.281  35.112  219.67  0.8753  0.2844  93.137      44  2222222
   114.0  20.281  35.112  219.56  0.9085  0.2837  93.154     130  2222222
   115.0  20.273  35.113  220.41  0.8945  0.2862  93.095      38  2222222
   116.0  20.274  35.115  220.69  0.8916  0.2826  93.180      31  2222222
   117.0  20.253  35.118  221.65  0.8720  0.2808  93.221     102  2222222
   118.0  20.132  35.107  217.31  0.8825  0.2822  93.189      65  2222222
   119.0  20.082  35.105  218.37  0.9172  0.2833  93.163      58  2222222
   120.0  20.045  35.108  221.49  0.8902  0.2826  93.180      39  2222222
   121.0  19.987  35.110  226.46  0.8323  0.2816  93.202      51  2222222
   122.0  19.956  35.109  226.36  0.8071  0.2745  93.367     126  2222222
   123.0  19.909  35.105  227.55  0.6879  0.2744  93.371      37  2222222
   124.0  19.857  35.102  228.39  0.6604  0.2735  93.391      43  2222222
   125.0  19.806  35.097  227.71  0.6514  0.2712  93.444     112  2222222
   126.0  19.781  35.095  227.43  0.6707  0.2737  93.387      61  2222222
   127.0  19.757  35.094  226.75  0.5856  0.2719  93.427      27  2222222
   128.0  19.750  35.093  225.36  0.5934  0.2722  93.422      37  2222222
   129.0  19.737  35.093  224.15  0.6523  0.2726  93.412     100  2222222
   130.0  19.676  35.092  218.76  0.6886  0.2730  93.402      79  2222222
   131.0  19.617  35.088  218.93  0.6374  0.2725  93.415      49  2222222
   132.0  19.486  35.077  220.46  0.5745  0.2698  93.479      85  2222222
   133.0  19.418  35.069  220.84  0.5607  0.2673  93.537      55  2222222
   134.0  19.328  35.060  221.21  0.4910  0.2651  93.589      42  2222222
   135.0  19.272  35.054  220.99  0.4472  0.2669  93.545      49  2222222
   136.0  19.269  35.053  220.92  0.4781  0.2630  93.635     137  2222222
   137.0  19.241  35.049  220.95  0.4187  0.2624  93.651      34  2222222
   138.0  19.224  35.047  220.44  0.4099  0.2625  93.649      36  2222222
   139.0  19.186  35.043  220.55  0.4453  0.2619  93.661      85  2222222
   140.0  19.178  35.042  221.28  0.4554  0.2615  93.670      77  2222222
   141.0  19.067  35.026  220.96  0.3872  0.2603  93.700      36  2222222
   142.0  18.911  35.015  219.87  0.3841  0.2564  93.791     127  2222222
   143.0  18.868  35.009  220.17  0.3732  0.2558  93.804      48  2222222
   144.0  18.829  35.006  219.27  0.3042  0.2557  93.807      30  2222222
   145.0  18.816  35.004  219.40  0.2939  0.2548  93.830      30  2222222
   146.0  18.808  35.002  218.95  0.3090  0.2543  93.840     157  2222222
   147.0  18.789  35.000  219.04  0.3028  0.2539  93.850      46  2222222
   148.0  18.769  34.998  218.35  0.2827  0.2530  93.871      38  2222222
   149.0  18.708  34.990  215.59  0.2757  0.2529  93.874      46  2222222
   150.0  18.610  34.983  214.97  0.2868  0.2505  93.930      83  2222222
   151.0  18.556  34.977  214.98  0.2518  0.2501  93.939      61  2222222
   152.0  18.480  34.972  215.56  0.2331  0.2491  93.963      74  2222222
   153.0  18.470  34.970  215.64  0.2030  0.2486  93.976      45  2222222
   154.0  18.442  34.968  216.65  0.1973  0.2484  93.980      36  2222222
   155.0  18.381  34.963  217.68  0.1861  0.2480  93.988      25  2222222
   156.0  18.324  34.956  218.06  0.1861  0.2486  93.975      21  2222222
   157.0  18.237  34.948  218.78  0.1767  0.2482  93.985      21  2222222
   158.0  18.212  34.946  218.72  0.1887  0.2483  93.980      26  2222222
   159.0  18.196  34.943  217.78  0.2031  0.2482  93.983      48  2222222
   160.0  18.182  34.940  218.30  0.2119  0.2482  93.984      47  2222222
   161.0  18.120  34.932  219.06  0.2007  0.2489  93.969      30  2222222
   162.0  18.083  34.930  219.79  0.1793  0.2480  93.989      24  2222222
   163.0  18.036  34.925  220.30  0.1739  0.2473  94.004      21  2222222
   164.0  17.923  34.921  220.09  0.1739  0.2472  94.006      18  2222222
   165.0  17.844  34.921  219.88  0.1514  0.2467  94.020      20  2222222
   166.0  17.746  34.913  219.70  0.1153  0.2458  94.040      24  2222222
   167.0  17.712  34.910  219.64  0.1052  0.2448  94.063      32  2222222
   168.0  17.691  34.909  219.32  0.1052  0.2428  94.110      43  2222222
   169.0  17.687  34.907  219.71  0.1052  0.2427  94.112      40  2222222
   170.0  17.683  34.906  220.04  0.1028  0.2426  94.115      24  2222222
   171.0  17.678  34.905  219.93  0.0936  0.2426  94.115      19  2222222
   172.0  17.665  34.902  219.94  0.0931  0.2434  94.098      19  2222222
   173.0  17.617  34.896  220.09  0.0936  0.2427  94.113      24  2222222
   174.0  17.590  34.894  220.19  0.0854  0.2424  94.119      31  2222222
   175.0  17.544  34.887  220.40  0.0921  0.2426  94.116      39  2222222
   176.0  17.487  34.882  221.36  0.0871  0.2429  94.109      32  2222222
   177.0  17.476  34.879  221.30  0.0817  0.2420  94.130      28  2222222
   178.0  17.434  34.868  220.42  0.0728  0.2425  94.118      25  2222222
   179.0  17.286  34.846  219.81  0.0781  0.2421  94.126      26  2222222
   180.0  17.171  34.836  220.04  0.0650  0.2416  94.138      25  2222222
   181.0  17.135  34.830  219.37  0.0740  0.2413  94.146      24  2222222
   182.0  17.080  34.821  219.16  0.0742  0.2409  94.154      26  2222222
   183.0  17.008  34.812  219.25  0.0642  0.2410  94.152      53  2222222
   184.0  16.972  34.804  219.46  0.0697  0.2409  94.155      40  2222222
   185.0  16.875  34.788  219.98  0.0664  0.2405  94.164      25  2222222
   186.0  16.817  34.781  219.29  0.0590  0.2407  94.159      20  2222222
   187.0  16.779  34.772  218.81  0.0590  0.2408  94.158      17  2222222
   188.0  16.704  34.757  218.29  0.0584  0.2408  94.158      17  2222222
   189.0  16.637  34.751  217.51  0.0604  0.2409  94.156      18  2222222
   190.0  16.602  34.747  216.97  0.0700  0.2415  94.143      22  2222222
   191.0  16.592  34.744  217.53  0.0661  0.2412  94.148      75  2222222
   192.0  16.555  34.737  218.06  0.0706  0.2436  94.092      40  2222222
   193.0  16.493  34.729  218.15  0.0648  0.2405  94.165      24  2222222
   194.0  16.426  34.715  217.67  0.0590  0.2405  94.164      20  2222222
   195.0  16.363  34.706  217.74  0.0590  0.2405  94.164      18  2222222
   196.0  16.224  34.689  217.86  0.0584  0.2401  94.174      17  2222222
   197.0  16.201  34.692  217.38  0.0590  0.2432  94.103      20  2222222
   198.0  16.201  34.691  216.95  0.0617  0.2411  94.149      22  2222222
   199.0  16.159  34.682  216.26  0.0702  0.2405  94.163      29  2222222
   200.0  16.058  34.672  216.45  0.0618  0.2405  94.164      64  2222222
   201.0  16.026  34.666  216.52  0.0691  0.2407  94.160      37  2222222
   202.0  16.005  34.663  215.88  0.0648  0.2411  94.151      22  2222222
   203.0  15.978  34.658  216.33  0.0468  0.2404  94.166      17  2222222
   204.0  15.950  34.655  216.50  0.0560  0.2406  94.162      19  2222222
   205.0  15.935  34.653  216.33  0.0522  0.2419  94.131      22  2222222
   206.0  15.920  34.650  216.11  0.0524  0.2421  94.126      26  2222222
   207.0  15.908  34.649  216.34  0.0590  0.2401  94.172      36  2222222
   208.0  15.881  34.645  216.21  0.0626  0.2405  94.165      42  2222222
   209.0  15.778  34.629  215.76  0.0698  0.2399  94.179      31  2222222
   210.0  15.702  34.621  215.48  0.0608  0.2403  94.169      26  2222222
   211.0  15.651  34.615  215.09  0.0586  0.2400  94.175      24  2222222
   212.0  15.628  34.613  214.24  0.0590  0.2405  94.164      22  2222222
   213.0  15.591  34.606  214.00  0.0580  0.2412  94.148      23  2222222
   214.0  15.536  34.599  214.50  0.0590  0.2406  94.161      25  2222222
   215.0  15.513  34.598  214.18  0.0517  0.2396  94.186      35  2222222
   216.0  15.480  34.596  215.07  0.0575  0.2393  94.192      46  2222222
   217.0  15.462  34.594  215.21  0.0590  0.2394  94.190      32  2222222
   218.0  15.436  34.590  215.93  0.0590  0.2392  94.195      25  2222222
   219.0  15.408  34.587  215.95  0.0486  0.2394  94.191      21  2222222
   220.0  15.375  34.581  216.03  0.0469  0.2395  94.189      22  2222222
   221.0  15.332  34.578  215.55  0.0469  0.2397  94.182      21  2222222
   222.0  15.321  34.576  215.34  0.0456  0.2395  94.188      24  2222222
   223.0  15.311  34.575  215.94  0.0472  0.2395  94.188      35  2222222
   224.0  15.306  34.574  216.32  0.0559  0.2395  94.188      37  2222222
   225.0  15.280  34.568  216.17  0.0561  0.2390  94.200      28  2222222
   226.0  15.166  34.560  217.28  0.0498  0.2395  94.187      25  2222222
   227.0  15.109  34.555  217.92  0.0590  0.2397  94.182      26  2222222
   228.0  15.061  34.550  217.65  0.0560  0.2393  94.192      23  2222222
   229.0  15.028  34.546  217.33  0.0470  0.2394  94.191      27  2222222
   230.0  14.967  34.540  217.90  0.0530  0.2394  94.189      40  2222222
   231.0  14.872  34.531  218.16  0.0510  0.2391  94.198      40  2222222
   232.0  14.806  34.524  217.90  0.0531  0.2389  94.202      27  2222222
   233.0  14.783  34.522  217.65  0.0501  0.2388  94.206      22  2222222
   234.0  14.776  34.521  217.82  0.0564  0.2390  94.199      22  2222222
   235.0  14.766  34.518  218.18  0.0465  0.2395  94.189      23  2222222
   236.0  14.748  34.516  218.18  0.0446  0.2391  94.197      24  2222222
   237.0  14.732  34.514  217.78  0.0470  0.2386  94.210      25  2222222
   238.0  14.628  34.501  218.18  0.0469  0.2387  94.208      40  2222222
   239.0  14.484  34.489  219.35  0.0529  0.2385  94.212      47  2222222
   240.0  14.416  34.482  220.43  0.0457  0.2385  94.213      26  2222222
   241.0  14.406  34.480  220.15  0.0469  0.2385  94.211      21  2222222
   242.0  14.364  34.475  220.14  0.0465  0.2387  94.207      23  2222222
   243.0  14.326  34.470  220.13  0.0470  0.2390  94.201      25  2222222
   244.0  14.221  34.456  220.70  0.0480  0.2388  94.204      26  2222222
   245.0  14.058  34.446  220.83  0.0571  0.2387  94.209      25  2222222
   246.0  13.997  34.439  220.44  0.0456  0.2386  94.211      30  2222222
   247.0  13.949  34.434  220.13  0.0459  0.2380  94.223      44  2222222
   248.0  13.904  34.429  219.54  0.0501  0.2374  94.236      35  2222222
   249.0  13.812  34.418  220.19  0.0541  0.2379  94.226      26  2222222
   250.0  13.794  34.418  220.56  0.0455  0.2380  94.223      23  2222222
   251.0  13.787  34.416  220.35  0.0465  0.2382  94.220      22  2222222
   252.0  13.752  34.411  220.59  0.0470  0.2384  94.215      24  2222222
   253.0  13.712  34.407  220.71  0.0466  0.2382  94.220      26  2222222
   254.0  13.659  34.403  220.73  0.0461  0.2385  94.213      32  2222222
   255.0  13.614  34.400  220.74  0.0455  0.2379  94.226      35  2222222
   256.0  13.579  34.396  220.54  0.0466  0.2377  94.230      27  2222222
   257.0  13.539  34.392  220.75  0.0448  0.2374  94.237      26  2222222
   258.0  13.514  34.390  220.64  0.0456  0.2375  94.235      24  2222222
   259.0  13.495  34.387  220.70  0.0450  0.2377  94.230      28  2222222
   260.0  13.457  34.384  220.65  0.0455  0.2376  94.233      29  2222222
   261.0  13.437  34.382  220.34  0.0462  0.2374  94.236      35  2222222
   262.0  13.409  34.379  220.52  0.0467  0.2374  94.236      45  2222222
   263.0  13.385  34.377  220.18  0.0452  0.2374  94.238      30  2222222
   264.0  13.370  34.374  220.21  0.0459  0.2374  94.237      22  2222222
   265.0  13.346  34.372  220.53  0.0452  0.2374  94.237      20  2222222
   266.0  13.318  34.371  221.15  0.0450  0.2374  94.237      19  2222222
   267.0  13.272  34.367  221.69  0.0459  0.2374  94.237      22  2222222
   268.0  13.232  34.366  221.99  0.0451  0.2370  94.246      24  2222222
   269.0  13.194  34.362  221.62  0.0432  0.2368  94.251      30  2222222
   270.0  13.159  34.359  221.63  0.0458  0.2365  94.259      55  2222222
   271.0  13.127  34.355  221.61  0.0450  0.2366  94.258      33  2222222
   272.0  13.071  34.350  221.38  0.0459  0.2371  94.245      22  2222222
   273.0  13.041  34.347  221.34  0.0469  0.2370  94.247      20  2222222
   274.0  13.017  34.346  220.84  0.0454  0.2368  94.251      22  2222222
   275.0  12.985  34.341  221.04  0.0457  0.2367  94.255      26  2222222
   276.0  12.892  34.336  221.30  0.0452  0.2361  94.268      30  2222222
   277.0  12.840  34.331  221.05  0.0441  0.2362  94.266      37  2222222
   278.0  12.791  34.328  221.33  0.0430  0.2364  94.261      44  2222222
   279.0  12.767  34.325  221.22  0.0439  0.2361  94.269      26  2222222
   280.0  12.733  34.322  221.66  0.0463  0.2363  94.263      19  2222222
   281.0  12.678  34.317  222.49  0.0441  0.2365  94.258      17  2222222
   282.0  12.647  34.317  222.86  0.0454  0.2365  94.260      17  2222222
   283.0  12.594  34.311  223.01  0.0469  0.2365  94.260      19  2222222
   284.0  12.567  34.311  222.89  0.0446  0.2364  94.261      24  2222222
   285.0  12.565  34.309  222.27  0.0446  0.2361  94.268      90  2222222
   286.0  12.551  34.308  222.46  0.0442  0.2355  94.283      31  2222222
   287.0  12.546  34.307  222.35  0.0446  0.2361  94.270      20  2222222
   288.0  12.528  34.305  222.02  0.0432  0.2363  94.263      19  2222222
   289.0  12.505  34.302  221.99  0.0453  0.2364  94.261      16  2222222
   290.0  12.487  34.302  222.00  0.0447  0.2364  94.261      17  2222222
   291.0  12.470  34.301  222.09  0.0434  0.2364  94.261      17  2222222
   292.0  12.465  34.301  222.15  0.0454  0.2364  94.261      22  2222222
   293.0  12.447  34.298  222.71  0.0447  0.2363  94.263      38  2222222
   294.0  12.417  34.296  222.97  0.0436  0.2355  94.282      48  2222222
   295.0  12.386  34.292  223.72  0.0436  0.2360  94.270      30  2222222
   296.0  12.336  34.289  224.03  0.0433  0.2364  94.261      22  2222222
   297.0  12.303  34.285  224.02  0.0428  0.2364  94.262      22  2222222
   298.0  12.251  34.280  223.79  0.0424  0.2363  94.264      27  2222222
   299.0  12.220  34.279  222.60  0.0436  0.2364  94.261      33  2222222
   300.0  12.205  34.277  222.38  0.0434  0.2368  94.253      37  2222222
   301.0  12.185  34.276  222.30  0.0445  0.2362  94.266      34  2222222
   302.0  12.183  34.275  222.09  0.0433  0.2356  94.281      28  2222222
   303.0  12.181  34.275  221.63  0.0446  0.2357  94.279      24  2222222
   304.0  12.181  34.274  221.54  0.0459  0.2356  94.280      22  2222222
   305.0  12.178  34.274  221.61  0.0460  0.2358  94.275      23  2222222
   306.0  12.176  34.274  221.45  0.0460  0.2355  94.284      23  2222222
   307.0  12.174  34.274  221.19  0.0451  0.2360  94.271      24  2222222
   308.0  12.170  34.274  221.33  0.0441  0.2361  94.268      27  2222222
   309.0  12.154  34.273  220.90  0.0452  0.2357  94.278      30  2222222
   310.0  12.119  34.271  220.36  0.0448  0.2356  94.281      35  2222222
   311.0  12.086  34.270  220.22  0.0444  0.2358  94.276      37  2222222
   312.0  12.052  34.268  219.97  0.0445  0.2360  94.270      34  2222222
   313.0  12.032  34.267  218.94  0.0453  0.2360  94.271      27  2222222
   314.0  12.023  34.267  218.63  0.0459  0.2355  94.284      28  2222222
   315.0  12.019  34.266  218.48  0.0433  0.2359  94.274      28  2222222
   316.0  12.019  34.266  218.96  0.0459  0.2356  94.281      28  2222222
   317.0  12.019  34.266  219.50  0.0442  0.2354  94.286      28  2222222
   318.0  12.019  34.266  218.72  0.0444  0.2354  94.286      26  2222222
   319.0  12.016  34.265  218.85  0.0436  0.2354  94.287      24  2222222
   320.0  12.015  34.265  219.29  0.0447  0.2354  94.286      21  2222222
   321.0  12.009  34.264  218.75  0.0428  0.2360  94.270      22  2222222
   322.0  12.005  34.264  218.02  0.0436  0.2354  94.286      24  2222222
   323.0  11.981  34.262  217.19  0.0446  0.2354  94.286      32  2222222
   324.0  11.962  34.260  216.68  0.0443  0.2352  94.289      47  2222222
   325.0  11.941  34.259  216.62  0.0439  0.2357  94.278      39  2222222
   326.0  11.937  34.258  217.05  0.0439  0.2345  94.305      26  2222222
   327.0  11.933  34.258  217.01  0.0459  0.2346  94.302      22  2222222
   328.0  11.928  34.257  217.06  0.0428  0.2353  94.288      22  2222222
   329.0  11.911  34.255  217.00  0.0443  0.2354  94.287      25  2222222
   330.0  11.878  34.255  217.03  0.0436  0.2354  94.287      27  2222222
   331.0  11.843  34.253  217.62  0.0433  0.2349  94.297      25  2222222
   332.0  11.799  34.251  217.56  0.0445  0.2353  94.287      27  2222222
   333.0  11.775  34.250  217.42  0.0423  0.2346  94.302      29  2222222
   334.0  11.714  34.245  217.00  0.0447  0.2348  94.298      33  2222222
   335.0  11.685  34.244  216.95  0.0434  0.2351  94.292      31  2222222
   336.0  11.676  34.243  216.54  0.0452  0.2347  94.300      25  2222222
   337.0  11.672  34.242  216.19  0.0462  0.2349  94.298      26  2222222
   338.0  11.668  34.241  216.48  0.0447  0.2352  94.290      29  2222222
   339.0  11.663  34.241  216.81  0.0438  0.2354  94.286      34  2222222
   340.0  11.636  34.238  216.75  0.0439  0.2352  94.289      32  2222222
   341.0  11.610  34.235  216.09  0.0447  0.2351  94.292      29  2222222
   342.0  11.567  34.232  215.13  0.0435  0.2349  94.296      26  2222222
   343.0  11.525  34.232  214.70  0.0427  0.2346  94.304      24  2222222
   344.0  11.508  34.230  215.23  0.0431  0.2347  94.302      24  2222222
   345.0  11.490  34.228  215.61  0.0422  0.2348  94.300      26  2222222
   346.0  11.458  34.226  216.77  0.0442  0.2345  94.305      28  2222222
   347.0  11.429  34.225  217.45  0.0463  0.2350  94.294      29  2222222
   348.0  11.401  34.222  217.60  0.0447  0.2353  94.288      29  2222222
   349.0  11.360  34.216  216.66  0.0438  0.2352  94.289      28  2222222
   350.0  11.303  34.206  214.88  0.0439  0.2352  94.289      29  2222222
   351.0  11.273  34.201  213.36  0.0452  0.2343  94.309      30  2222222
   352.0  11.205  34.193  212.38  0.0453  0.2343  94.310      27  2222222
   353.0  11.184  34.201  213.16  0.0429  0.2344  94.309      30  2222222
   354.0  11.184  34.203  214.46  0.0436  0.2348  94.299      36  2222222
   355.0  11.182  34.202  214.43  0.0444  0.2346  94.303      33  2222222
   356.0  11.178  34.202  214.69  0.0444  0.2344  94.308      26  2222222
   357.0  11.167  34.201  214.92  0.0459  0.2351  94.293      21  2222222
   358.0  11.156  34.200  215.18  0.0454  0.2351  94.291      22  2222222
   359.0  11.141  34.198  214.86  0.0440  0.2349  94.296      23  2222222
   360.0  11.124  34.196  213.49  0.0430  0.2345  94.307      28  2222222
   361.0  11.055  34.188  212.10  0.0445  0.2344  94.307      38  2222222
   362.0  11.019  34.185  211.05  0.0430  0.2346  94.304      33  2222222
   363.0  10.991  34.181  210.14  0.0435  0.2353  94.289      23  2222222
   364.0  10.946  34.174  209.06  0.0435  0.2349  94.296      23  2222222
   365.0  10.906  34.170  207.64  0.0412  0.2345  94.305      26  2222222
   366.0  10.885  34.166  206.86  0.0430  0.2343  94.309      34  2222222
   367.0  10.843  34.158  204.70  0.0412  0.2344  94.308      35  2222222
   368.0  10.740  34.144  201.94  0.0457  0.2343  94.311      26  2222222
   369.0  10.675  34.141  200.85  0.0439  0.2343  94.310      26  2222222
   370.0  10.663  34.148  202.15  0.0434  0.2342  94.314      34  2222222
   371.0  10.658  34.148  203.09  0.0410  0.2343  94.311      37  2222222
   372.0  10.634  34.145  203.06  0.0436  0.2343  94.310      24  2222222
   373.0  10.624  34.145  202.96  0.0429  0.2344  94.309      20  2222222
   374.0  10.625  34.145  202.80  0.0440  0.2344  94.308      20  2222222
   375.0  10.624  34.145  202.74  0.0438  0.2343  94.310      22  2222222
   376.0  10.593  34.140  202.22  0.0441  0.2343  94.310      27  2222222
   377.0  10.560  34.137  200.68  0.0446  0.2342  94.312      31  2222222
   378.0  10.505  34.132  199.59  0.0424  0.2343  94.310      34  2222222
   379.0  10.433  34.128  197.14  0.0430  0.2343  94.310      38  2222222
   380.0  10.327  34.125  194.41  0.0431  0.2343  94.309      32  2222222
   381.0  10.315  34.125  193.71  0.0451  0.2343  94.311      24  2222222
   382.0  10.313  34.124  193.49  0.0523  0.2344  94.308      24  2222222
   383.0  10.313  34.124  193.58  0.0498  0.2343  94.311      25  2222222
   384.0  10.311  34.123  194.44  0.0421  0.2342  94.313      28  2222222
   385.0  10.308  34.123  195.03  0.0438  0.2353  94.289      34  2222222
   386.0  10.283  34.120  194.40  0.0452  0.2358  94.275      30  2222222
   387.0  10.228  34.118  192.85  0.0536  0.2344  94.309      30  2222222
   388.0  10.192  34.117  191.45  0.0415  0.2343  94.309      29  2222222
   389.0  10.163  34.116  190.46  0.0396  0.2342  94.312      25  2222222
   390.0  10.129  34.115  190.11  0.0429  0.2343  94.310      20  2222222
   391.0  10.094  34.115  189.55  0.0449  0.2344  94.309      18  2222222
   392.0  10.066  34.114  188.67  0.0433  0.2346  94.303      22  2222222
   393.0  10.026  34.115  187.71  0.0428  0.2344  94.308      29  2222222
   394.0  10.019  34.115  186.99  0.0421  0.2341  94.315      49  2222222
   395.0  10.017  34.114  187.34  0.0525  0.2341  94.314      39  2222222
   396.0  10.004  34.112  187.60  0.0438  0.2334  94.331      31  2222222
   397.0   9.957  34.113  187.97  0.0424  0.2338  94.323      27  2222222
   398.0   9.942  34.112  188.24  0.0438  0.2343  94.310      22  2222222
   399.0   9.927  34.112  188.40  0.0417  0.2339  94.320      22  2222222
   400.0   9.908  34.111  188.01  0.0460  0.2341  94.314      23  2222222
   401.0   9.896  34.111  187.97  0.0559  0.2343  94.311      26  2222222
   402.0   9.888  34.111  188.32  0.0501  0.2340  94.318      30  2222222
   403.0   9.883  34.111  188.36  0.0431  0.2343  94.311      29  2222222
   404.0   9.878  34.110  188.12  0.0494  0.2339  94.320      24  2222222
   405.0   9.866  34.110  188.20  0.0571  0.2343  94.311      25  2222222
   406.0   9.853  34.110  188.64  0.0494  0.2342  94.313      25  2222222
   407.0   9.846  34.110  188.44  0.0417  0.2343  94.309      32  2222222
   408.0   9.840  34.109  188.13  0.0444  0.2342  94.312      37  2222222
   409.0   9.835  34.109  188.26  0.0566  0.2342  94.311      38  2222222
   410.0   9.827  34.108  187.99  0.0465  0.2340  94.318      33  2222222
   411.0   9.808  34.108  187.60  0.0563  0.2340  94.317      29  2222222
   412.0   9.777  34.107  186.69  0.0565  0.2342  94.312      27  2222222
   413.0   9.758  34.107  185.24  0.0571  0.2339  94.319      24  2222222
   414.0   9.711  34.104  184.37  0.0574  0.2338  94.322      22  2222222
   415.0   9.675  34.105  183.50  0.0559  0.2335  94.329      22  2222222
   416.0   9.655  34.103  182.89  0.0567  0.2365  94.259      24  2222222
   417.0   9.607  34.102  182.40  0.0533  0.2345  94.306      22  2222222
   418.0   9.585  34.103  181.62  0.0567  0.2343  94.311      24  2222222
   419.0   9.585  34.102  181.41  0.0569  0.2342  94.313      33  2222222
   420.0   9.584  34.101  181.67  0.0475  0.2340  94.319      46  2222222
   421.0   9.561  34.099  181.34  0.0555  0.2342  94.312      36  2222222
   422.0   9.507  34.098  180.37  0.0569  0.2337  94.326      33  2222222
   423.0   9.467  34.097  180.25  0.0569  0.2340  94.316      27  2222222
   424.0   9.450  34.096  180.04  0.0555  0.2343  94.310      23  2222222
   425.0   9.439  34.095  180.07  0.0569  0.2342  94.312      22  2222222
   426.0   9.430  34.095  180.91  0.0560  0.2343  94.311      23  2222222
   427.0   9.417  34.094  181.96  0.0567  0.2339  94.319      24  2222222
   428.0   9.408  34.094  183.64  0.0579  0.2340  94.318      31  2222222
   429.0   9.398  34.094  185.01  0.0550  0.2341  94.314      37  2222222
   430.0   9.390  34.093  185.25  0.0558  0.2343  94.310      29  2222222
   431.0   9.372  34.093  185.49  0.0435  0.2343  94.311      23  2222222
   432.0   9.340  34.090  185.99  0.0407  0.2342  94.312      22  2222222
   433.0   9.303  34.091  186.61  0.0515  0.2343  94.311      23  2222222
   434.0   9.291  34.091  186.08  0.0564  0.2343  94.310      26  2222222
   435.0   9.288  34.091  185.78  0.0569  0.2341  94.315      28  2222222
   436.0   9.287  34.090  186.06  0.0558  0.2343  94.310      39  2222222
   437.0   9.285  34.090  185.60  0.0562  0.2346  94.303      53  2222222
   438.0   9.270  34.088  184.71  0.0575  0.2341  94.315      30  2222222
   439.0   9.216  34.088  179.50  0.0569  0.2343  94.310      22  2222222
   440.0   9.143  34.083  176.30  0.0558  0.2343  94.310      18  2222222
   441.0   9.000  34.080  175.98  0.0571  0.2343  94.310      18  2222222
   442.0   8.917  34.085  175.94  0.0577  0.2344  94.307      17  2222222
   443.0   8.906  34.084  175.26  0.0540  0.2341  94.315      16  2222222
   444.0   8.877  34.081  173.78  0.0563  0.2345  94.307      21  2222222
   445.0   8.821  34.081  171.74  0.0569  0.2342  94.312      34  2222222
   446.0   8.817  34.079  171.93  0.0576  0.2342  94.312      73  2222222
   447.0   8.799  34.078  173.47  0.0567  0.2343  94.310      24  2222222
   448.0   8.790  34.077  174.21  0.0561  0.2343  94.311      20  2222222
   449.0   8.779  34.076  174.83  0.0566  0.2343  94.310      19  2222222
   450.0   8.762  34.075  175.42  0.0571  0.2343  94.309      24  2222222
   451.0   8.716  34.071  176.26  0.0568  0.2343  94.309      25  2222222
   452.0   8.676  34.071  176.61  0.0564  0.2343  94.310      30  2222222
   453.0   8.580  34.064  176.50  0.0565  0.2343  94.310      40  2222222
   454.0   8.542  34.062  176.33  0.0560  0.2343  94.310      38  2222222
   455.0   8.513  34.061  175.28  0.0568  0.2343  94.310      25  2222222
   456.0   8.416  34.051  174.61  0.0553  0.2343  94.310      19  2222222
   457.0   8.348  34.054  173.38  0.0559  0.2343  94.310      15  2222222
   458.0   8.323  34.055  171.90  0.0640  0.2344  94.307      16  2222222
   459.0   8.304  34.054  170.60  0.0596  0.2343  94.310      19  2222222
   460.0   8.278  34.054  169.48  0.0562  0.2349  94.298      36  2222222
   461.0   8.274  34.052  169.42  0.0563  0.2344  94.308      76  2222222
   462.0   8.268  34.051  169.86  0.0539  0.2343  94.310      34  2222222
   463.0   8.260  34.051  169.81  0.0530  0.2343  94.311      21  2222222
   464.0   8.235  34.048  169.09  0.0638  0.2348  94.299      17  2222222
   465.0   8.186  34.044  168.41  0.0632  0.2349  94.296      14  2222222
   466.0   8.130  34.043  167.49  0.0572  0.2347  94.301      13  2222222
   467.0   8.099  34.045  166.40  0.0549  0.2343  94.310      14  2222222
   468.0   8.085  34.046  165.17  0.0543  0.2344  94.309      17  2222222
   469.0   8.094  34.045  164.61  0.0543  0.2346  94.303      93  2222222
   470.0   8.067  34.038  164.87  0.0571  0.2343  94.310      25  2222222
   471.0   7.913  34.037  162.85  0.0548  0.2343  94.310      19  2222222
   472.0   7.891  34.038  160.62  0.0569  0.2343  94.310      17  2222222
   473.0   7.869  34.036  158.84  0.0540  0.2343  94.310      16  2222222
   474.0   7.785  34.034  156.73  0.0571  0.2343  94.310      18  2222222
   475.0   7.752  34.036  155.03  0.0625  0.2343  94.311      20  2222222
   476.0   7.677  34.032  152.88  0.0594  0.2343  94.310      33  2222222
   477.0   7.657  34.033  150.77  0.0614  0.2342  94.311      74  2222222
   478.0   7.608  34.031  150.22  0.0603  0.2339  94.321      28  2222222
   479.0   7.559  34.030  148.65  0.0559  0.2339  94.319      22  2222222
   480.0   7.502  34.030  147.29  0.0611  0.2343  94.310      17  2222222
   481.0   7.465  34.033  145.48  0.0604  0.2343  94.310      17  2222222
   482.0   7.449  34.031  144.19  0.0598  0.2342  94.313      16  2222222
   483.0   7.437  34.031  143.52  0.0548  0.2342  94.311      19  2222222
   484.0   7.414  34.031  142.77  0.0526  0.2341  94.315      27  2222222
   485.0   7.421  34.031  141.74  0.0604  0.2340  94.318      72  2222222
   486.0   7.405  34.032  141.15  0.0622  0.2336  94.327      32  2222222
   487.0   7.384  34.036  138.87  0.0606  0.2334  94.331      22  2222222
   488.0   7.365  34.038  136.86  0.0608  0.2336  94.327      19  2222222
   489.0   7.349  34.039  135.20  0.0629  0.2339  94.320      18  2222222
   490.0   7.341  34.039  134.24  0.0617  0.2338  94.324      22  2222222
   491.0   7.329  34.038  133.47  0.0580  0.2334  94.331      32  2222222
   492.0   7.329  34.038  133.88  0.0614  0.2362  94.265      93  2222222
   493.0   7.303  34.038  133.18  0.0606  0.2333  94.335      29  2222222
   494.0   7.280  34.038  131.97  0.0619  0.2333  94.335      28  2222222
   495.0   7.258  34.037  131.73  0.0626  0.2337  94.326      39  2222222
   496.0   7.246  34.036  132.10  0.0610  0.2337  94.326     110  2222222
   497.0   7.224  34.034  132.87  0.0565  0.2333  94.334      41  2222222
   498.0   7.198  34.034  132.36  0.0692  0.2334  94.332      35  2222222
   499.0   7.185  34.034  131.52  0.0612  0.2334  94.333     130  2222222
   500.0   7.164  34.034  130.02  0.0607  0.2333  94.335     117  2222222
   501.0   7.142  34.035  128.72  0.0600  0.2333  94.334     144  2222222
   502.0   7.134  34.036  128.12  0.0605  0.2331  94.339      78  2222222
