  CTDPRS  CTDTMP  CTDSAL  CTDOXY  CHLPIG BEAM.AT   XMISS  NUMBER   QUALT1
    DBAR  ITS-90  PSS-78  uMOL/L    uG/L     1/M       %     OBS.       *
 ******* ******* ******* ******* ******* ******* *******                *
     2.0  25.930  35.206  214.10  0.0821  0.2831  93.168      28  2222233
     3.0  25.931  35.207  214.15  0.0821  0.2749  93.359      27  2222233
     4.0  25.930  35.206  213.88  0.0751  0.2713  93.441      28  2222233
     5.0  25.929  35.206  213.35  0.0833  0.2744  93.371     144  2222233
     6.0  25.921  35.206  213.38  0.0816  0.2706  93.459      23  2222233
     7.0  25.917  35.205  213.04  0.0801  0.2687  93.505      23  2222222
     8.0  25.918  35.206  213.47  0.0760  0.2689  93.498     153  2222222
     9.0  25.924  35.206  213.27  0.0815  0.2694  93.488      21  2222222
    10.0  25.925  35.206  213.18  0.0710  0.2684  93.511      27  2222222
    11.0  25.913  35.205  213.13  0.0801  0.2686  93.506     183  2222222
    12.0  25.923  35.206  212.52  0.0775  0.2681  93.517      35  2222222
    13.0  25.921  35.206  213.63  0.0831  0.2684  93.512      83  2222222
    14.0  25.919  35.205  213.57  0.0823  0.2686  93.506     106  2222222
    15.0  25.910  35.206  213.38  0.0706  0.2688  93.503      28  2222222
    16.0  25.887  35.204  213.32  0.0790  0.2694  93.488     103  2222222
    17.0  25.852  35.201  213.85  0.0819  0.2695  93.484     106  2222222
    18.0  25.769  35.198  214.38  0.0812  0.2710  93.450      25  2222222
    19.0  25.717  35.197  214.51  0.0821  0.2728  93.408      36  2222222
    20.0  25.710  35.195  214.12  0.0926  0.2719  93.427     125  2222222
    21.0  25.636  35.188  215.30  0.0930  0.2722  93.420      37  2222222
    22.0  25.540  35.177  217.26  0.0821  0.2744  93.370      27  2222222
    23.0  25.453  35.170  218.52  0.0933  0.2754  93.346      29  2222222
    24.0  25.370  35.162  217.52  0.1012  0.2759  93.336     144  2222222
    25.0  25.245  35.154  219.25  0.1052  0.2756  93.342      29  2222222
    26.0  25.177  35.147  220.06  0.0936  0.2770  93.310      26  2222222
    27.0  25.134  35.144  219.39  0.1052  0.2800  93.240     101  2222222
    28.0  25.093  35.141  219.97  0.1058  0.2805  93.227      84  2222222
    29.0  25.071  35.140  219.82  0.1164  0.2816  93.203      35  2222222
    30.0  25.054  35.138  219.34  0.1255  0.2822  93.188      40  2222222
    31.0  25.038  35.136  219.74  0.1297  0.2797  93.246     112  2222222
    32.0  25.000  35.133  220.06  0.1286  0.2793  93.256      45  2222222
    33.0  24.985  35.135  219.98  0.1165  0.2767  93.316      75  2222222
    34.0  24.958  35.132  220.32  0.1240  0.2753  93.349      72  2222222
    35.0  24.885  35.128  221.40  0.1103  0.2769  93.311      41  2222222
    36.0  24.852  35.125  221.35  0.1271  0.2776  93.297      67  2222222
    37.0  24.845  35.123  220.60  0.1216  0.2769  93.312      91  2222222
    38.0  24.778  35.117  222.53  0.1179  0.2782  93.282      58  2222222
    39.0  24.760  35.122  221.46  0.1332  0.2785  93.274      82  2222222
    40.0  24.774  35.135  222.05  0.1316  0.2753  93.348      50  2222222
    41.0  24.760  35.139  221.01  0.1284  0.2748  93.360      44  2222222
    42.0  24.725  35.139  221.44  0.1224  0.2743  93.373     146  2222222
    43.0  24.695  35.139  221.96  0.1268  0.2734  93.394      35  2222222
    44.0  24.666  35.140  223.19  0.1279  0.2739  93.381      24  2222222
    45.0  24.671  35.139  222.05  0.1290  0.2743  93.372      87  2222222
    46.0  24.646  35.138  221.72  0.1303  0.2748  93.360     107  2222222
    47.0  24.627  35.137  222.48  0.1284  0.2743  93.373      22  2222222
    48.0  24.607  35.134  221.52  0.1284  0.2746  93.364      26  2222222
    49.0  24.600  35.135  222.15  0.1353  0.2742  93.376     162  2222222
    50.0  24.552  35.140  222.28  0.1292  0.2736  93.389      28  2222222
    51.0  24.510  35.135  222.72  0.1399  0.2740  93.380      24  2222222
    52.0  24.513  35.135  223.05  0.1410  0.2760  93.332     118  2222222
    53.0  24.478  35.133  223.45  0.1499  0.2780  93.286      68  2222222
    54.0  24.447  35.134  223.27  0.1372  0.2760  93.333      21  2222222
    55.0  24.441  35.135  222.75  0.1311  0.2754  93.347      29  2222222
    56.0  24.452  35.133  222.88  0.1511  0.2760  93.332     160  2222222
    57.0  24.427  35.135  223.03  0.1558  0.2752  93.351      29  2222222
    58.0  24.379  35.140  222.28  0.1429  0.2748  93.360      27  2222222
    59.0  24.382  35.141  223.15  0.1548  0.2738  93.383     146  2222222
    60.0  24.358  35.145  222.45  0.1668  0.2736  93.390      37  2222222
    61.0  24.298  35.154  222.07  0.1514  0.2735  93.391      27  2222222
    62.0  24.259  35.156  223.08  0.1629  0.2738  93.384      96  2222222
    63.0  24.260  35.154  222.63  0.1771  0.2731  93.400      82  2222222
    64.0  24.157  35.151  223.37  0.1633  0.2750  93.355      35  2222222
    65.0  24.118  35.147  223.49  0.1807  0.2731  93.400      51  2222222
    66.0  24.099  35.145  224.05  0.1851  0.2736  93.389     117  2222222
    67.0  24.046  35.142  223.75  0.1724  0.2739  93.381      33  2222222
    68.0  23.930  35.141  224.50  0.1754  0.2734  93.394      43  2222222
    69.0  23.877  35.143  224.29  0.1904  0.2747  93.364     132  2222222
    70.0  23.787  35.146  224.90  0.1936  0.2744  93.371      35  2222222
    71.0  23.757  35.146  224.96  0.1930  0.2770  93.311      37  2222222
    72.0  23.733  35.145  224.56  0.2090  0.2749  93.357     114  2222222
    73.0  23.670  35.145  224.94  0.2149  0.2746  93.366      50  2222222
    74.0  23.599  35.147  224.13  0.2041  0.2744  93.369      37  2222222
    75.0  23.547  35.157  223.92  0.2115  0.2738  93.384      78  2222222
    76.0  23.518  35.161  224.00  0.2307  0.2737  93.385     103  2222222
    77.0  23.412  35.166  222.84  0.2230  0.2757  93.340      34  2222222
    78.0  23.376  35.167  222.52  0.2143  0.2746  93.364      31  2222222
    79.0  23.386  35.165  222.71  0.2248  0.2730  93.403     149  2222222
    80.0  23.369  35.163  221.83  0.2441  0.2726  93.412      34  2222222
    81.0  23.308  35.165  221.77  0.2183  0.2721  93.423      29  2222222
    82.0  23.283  35.166  221.60  0.2260  0.2723  93.419      88  2222222
    83.0  23.284  35.166  221.45  0.2374  0.2713  93.443      98  2222222
    84.0  23.216  35.169  221.30  0.2222  0.2711  93.447      31  2222222
    85.0  23.198  35.169  220.66  0.2187  0.2711  93.447      29  2222222
    86.0  23.216  35.167  220.90  0.2360  0.2711  93.446     149  2222222
    87.0  23.188  35.168  220.95  0.2356  0.2715  93.437      24  2222222
    88.0  23.166  35.170  220.09  0.2163  0.2706  93.459      24  2222222
    89.0  23.168  35.169  220.49  0.2320  0.2694  93.488     170  2222222
    90.0  23.167  35.168  220.11  0.2296  0.2701  93.469      26  2222222
    91.0  23.096  35.172  219.15  0.2157  0.2697  93.479      23  2222222
    92.0  23.038  35.173  218.89  0.2369  0.2689  93.499      35  2222222
    93.0  23.082  35.171  220.03  0.2519  0.2677  93.528     150  2222222
    94.0  23.005  35.174  218.06  0.2468  0.2683  93.514      35  2222222
    95.0  22.962  35.176  217.63  0.2393  0.2686  93.505      28  2222222
    96.0  22.966  35.175  218.67  0.2450  0.2681  93.517     149  2222222
    97.0  22.912  35.179  217.54  0.2413  0.2677  93.526      27  2222222
    98.0  22.811  35.184  216.65  0.2464  0.2676  93.529      32  2222222
    99.0  22.746  35.190  216.48  0.2751  0.2661  93.564     114  2222222
   100.0  22.727  35.190  215.94  0.3026  0.2660  93.567      57  2222222
   101.0  22.697  35.192  215.62  0.2794  0.2660  93.566      37  2222222
   102.0  22.678  35.193  215.40  0.2873  0.2656  93.576     123  2222222
   103.0  22.645  35.193  215.50  0.3006  0.2655  93.577      38  2222222
   104.0  22.605  35.195  214.63  0.2781  0.2658  93.571      32  2222222
   105.0  22.562  35.196  213.91  0.3201  0.2668  93.548      56  2222222
   106.0  22.560  35.195  214.30  0.3406  0.2662  93.562     127  2222222
   107.0  22.451  35.198  212.84  0.3348  0.2671  93.540      36  2222222
   108.0  22.407  35.200  212.66  0.3686  0.2672  93.539      40  2222222
   109.0  22.386  35.199  212.89  0.4120  0.2677  93.526     129  2222222
   110.0  22.357  35.200  213.39  0.4249  0.2680  93.521      47  2222222
   111.0  22.331  35.201  212.66  0.4199  0.2687  93.504      35  2222222
   112.0  22.241  35.207  213.34  0.4617  0.2685  93.508      45  2222222
   113.0  22.235  35.208  213.42  0.4846  0.2694  93.487     133  2222222
   114.0  22.202  35.210  214.22  0.4970  0.2686  93.506      41  2222222
   115.0  22.181  35.211  213.55  0.5165  0.2692  93.493      31  2222222
   116.0  22.167  35.212  213.80  0.5081  0.2694  93.487     146  2222222
   117.0  22.158  35.213  214.67  0.5345  0.2679  93.522      35  2222222
   118.0  22.131  35.217  215.20  0.4867  0.2677  93.526      30  2222222
   119.0  22.085  35.220  214.89  0.5082  0.2676  93.528      38  2222222
   120.0  22.076  35.220  215.00  0.5476  0.2684  93.511     152  2222222
   121.0  22.050  35.220  215.07  0.5397  0.2681  93.518      32  2222222
   122.0  22.026  35.219  214.17  0.5500  0.2688  93.502      33  2222222
   123.0  22.000  35.220  215.29  0.5880  0.2705  93.461     125  2222222
   124.0  21.961  35.225  217.10  0.6389  0.2698  93.478      37  2222222
   125.0  21.838  35.231  217.78  0.6204  0.2707  93.455      33  2222222
   126.0  21.796  35.233  217.86  0.7077  0.2707  93.455     131  2222222
   127.0  21.737  35.236  218.97  0.7531  0.2706  93.459      51  2222222
   128.0  21.682  35.241  220.05  0.6879  0.2703  93.465      37  2222222
   129.0  21.655  35.241  219.98  0.6772  0.2697  93.481      43  2222222
   130.0  21.639  35.241  219.56  0.6939  0.2686  93.506     131  2222222
   131.0  21.616  35.242  220.46  0.6717  0.2687  93.504      35  2222222
   132.0  21.606  35.242  220.37  0.6163  0.2688  93.502      31  2222222
   133.0  21.583  35.244  220.27  0.6435  0.2685  93.509     116  2222222
   134.0  21.555  35.245  220.84  0.6808  0.2677  93.526      51  2222222
   135.0  21.533  35.246  221.29  0.6266  0.2673  93.535      41  2222222
   136.0  21.493  35.246  220.82  0.6295  0.2666  93.554      90  2222222
   137.0  21.428  35.248  221.40  0.6202  0.2656  93.576      71  2222222
   138.0  21.350  35.248  222.12  0.6259  0.2653  93.582      54  2222222
   139.0  21.294  35.249  221.80  0.5275  0.2637  93.621      48  2222222
   140.0  21.283  35.248  221.64  0.5379  0.2632  93.631     104  2222222
   141.0  21.263  35.248  222.45  0.4783  0.2629  93.637      33  2222222
   142.0  21.234  35.249  223.15  0.4730  0.2623  93.652      40  2222222
   143.0  21.196  35.253  223.22  0.4893  0.2620  93.660     143  2222222
   144.0  21.138  35.257  223.49  0.4610  0.2623  93.653      26  2222222
   145.0  21.122  35.258  223.03  0.3909  0.2609  93.684      27  2222222
   146.0  21.132  35.257  223.04  0.3998  0.2600  93.707     159  2222222
   147.0  21.102  35.256  222.75  0.4025  0.2599  93.709      24  2222222
   148.0  21.025  35.259  222.29  0.3527  0.2596  93.716      21  2222222
   149.0  21.072  35.256  223.10  0.3491  0.2568  93.782     105  2222222
   150.0  20.992  35.258  222.88  0.3419  0.2558  93.805      93  2222222
   151.0  20.938  35.259  222.12  0.3294  0.2560  93.799      19  2222222
   152.0  20.994  35.255  222.44  0.3134  0.2544  93.837      55  2222222
   153.0  20.947  35.257  222.41  0.2888  0.2522  93.889     125  2222222
   154.0  20.897  35.258  222.09  0.2831  0.2523  93.886      45  2222222
   155.0  20.849  35.256  221.63  0.2724  0.2525  93.883      21  2222222
   156.0  20.857  35.256  222.02  0.2478  0.2500  93.942      55  2222222
   157.0  20.845  35.256  222.09  0.2651  0.2492  93.959     125  2222222
   158.0  20.794  35.255  221.36  0.2554  0.2492  93.960      24  2222222
   159.0  20.771  35.256  221.03  0.2100  0.2484  93.980      27  2222222
   160.0  20.757  35.255  220.99  0.2089  0.2455  94.046      68  2222222
   161.0  20.740  35.254  220.98  0.2213  0.2448  94.065      55  2222222
   162.0  20.723  35.254  221.00  0.1904  0.2440  94.083      32  2222222
   163.0  20.720  35.254  220.62  0.1750  0.2442  94.078      25  2222222
   164.0  20.715  35.254  220.34  0.1639  0.2442  94.077      24  2222222
   165.0  20.697  35.253  219.31  0.1630  0.2439  94.086      25  2222222
   166.0  20.678  35.252  219.25  0.1525  0.2437  94.090      32  2222222
   167.0  20.654  35.252  219.95  0.1598  0.2436  94.091      57  2222222
   168.0  20.639  35.251  219.25  0.1859  0.2426  94.115      60  2222222
   169.0  20.628  35.250  219.18  0.1553  0.2423  94.122      30  2222222
   170.0  20.618  35.250  219.30  0.1302  0.2424  94.119      18  2222222
   171.0  20.596  35.248  219.21  0.1236  0.2426  94.115      17  2222222
   172.0  20.565  35.248  218.99  0.1168  0.2425  94.116      16  2222222
   173.0  20.556  35.248  218.97  0.1155  0.2422  94.124      18  2222222
   174.0  20.548  35.247  218.92  0.1110  0.2416  94.139      22  2222222
   175.0  20.547  35.247  218.20  0.1217  0.2409  94.155      80  2222222
   176.0  20.543  35.246  219.03  0.1389  0.2412  94.149      43  2222222
   177.0  20.531  35.245  219.50  0.1238  0.2405  94.162      23  2222222
   178.0  20.519  35.244  219.25  0.1052  0.2405  94.164      19  2222222
   179.0  20.497  35.242  218.85  0.1052  0.2409  94.155      16  2222222
   180.0  20.472  35.241  218.08  0.1052  0.2412  94.148      19  2222222
   181.0  20.452  35.240  217.55  0.1052  0.2403  94.168      22  2222222
   182.0  20.435  35.239  217.39  0.1052  0.2404  94.165      27  2222222
   183.0  20.426  35.238  217.27  0.1052  0.2398  94.180      36  2222222
   184.0  20.425  35.238  217.42  0.1052  0.2401  94.174      38  2222222
   185.0  20.424  35.238  218.32  0.1035  0.2398  94.181      27  2222222
   186.0  20.424  35.238  218.06  0.0931  0.2404  94.167      22  2222222
   187.0  20.424  35.238  217.32  0.0936  0.2402  94.170      19  2222222
   188.0  20.423  35.237  216.66  0.0931  0.2403  94.168      19  2222222
   189.0  20.390  35.234  216.10  0.0936  0.2403  94.169      24  2222222
   190.0  20.346  35.232  216.34  0.0866  0.2401  94.172      34  2222222
   191.0  20.314  35.229  216.66  0.0919  0.2396  94.186      40  2222222
   192.0  20.302  35.228  215.84  0.0936  0.2395  94.188      35  2222222
   193.0  20.286  35.226  215.84  0.0933  0.2391  94.198      29  2222222
   194.0  20.275  35.225  215.90  0.0837  0.2390  94.200      22  2222222
   195.0  20.263  35.224  215.70  0.0821  0.2388  94.206      19  2222222
   196.0  20.249  35.222  215.96  0.0821  0.2387  94.208      17  2222222
   197.0  20.233  35.220  215.89  0.0821  0.2386  94.211      17  2222222
   198.0  20.215  35.218  215.10  0.0728  0.2384  94.214      20  2222222
   199.0  20.184  35.216  214.57  0.0774  0.2385  94.213      29  2222222
   200.0  20.163  35.213  214.79  0.0819  0.2389  94.203      59  2222222
   201.0  20.129  35.210  214.77  0.0897  0.2380  94.223      35  2222222
   202.0  20.117  35.209  214.69  0.0773  0.2379  94.227      24  2222222
   203.0  20.095  35.206  214.64  0.0701  0.2377  94.229      23  2222222
   204.0  20.070  35.204  214.85  0.0700  0.2376  94.232      20  2222222
   205.0  20.042  35.201  214.96  0.0706  0.2376  94.233      20  2222222
   206.0  20.018  35.199  214.65  0.0695  0.2383  94.217      22  2222222
   207.0  19.999  35.197  214.36  0.0701  0.2378  94.227      23  2222222
   208.0  19.975  35.195  214.45  0.0706  0.2375  94.235      24  2222222
   209.0  19.962  35.193  214.82  0.0639  0.2377  94.230      26  2222222
   210.0  19.949  35.191  215.01  0.0658  0.2375  94.235      32  2222222
   211.0  19.930  35.189  214.91  0.0633  0.2374  94.237      43  2222222
   212.0  19.915  35.187  214.92  0.0779  0.2374  94.236      38  2222222
   213.0  19.902  35.185  214.75  0.0706  0.2381  94.221      25  2222222
   214.0  19.895  35.184  215.04  0.0590  0.2374  94.237      23  2222222
   215.0  19.879  35.181  215.54  0.0590  0.2374  94.238      22  2222222
   216.0  19.839  35.177  215.50  0.0590  0.2374  94.237      18  2222222
   217.0  19.805  35.173  215.50  0.0590  0.2375  94.235      18  2222222
   218.0  19.758  35.169  215.85  0.0590  0.2374  94.237      18  2222222
   219.0  19.715  35.165  215.79  0.0590  0.2374  94.237      26  2222222
   220.0  19.671  35.161  215.38  0.0694  0.2374  94.238      53  2222222
   221.0  19.615  35.155  215.85  0.0669  0.2373  94.240      38  2222222
   222.0  19.557  35.149  215.94  0.0590  0.2366  94.255      25  2222222
   223.0  19.516  35.145  217.06  0.0590  0.2371  94.244      20  2222222
   224.0  19.494  35.144  217.04  0.0590  0.2373  94.240      18  2222222
   225.0  19.489  35.143  216.63  0.0584  0.2365  94.260      17  2222222
   226.0  19.464  35.136  216.92  0.0590  0.2374  94.237      19  2222222
   227.0  19.310  35.126  217.46  0.0551  0.2370  94.246      26  2222222
   228.0  19.280  35.123  216.64  0.0562  0.2367  94.254      69  2222222
   229.0  19.273  35.121  217.11  0.0590  0.2367  94.253      32  2222222
   230.0  19.262  35.119  217.64  0.0573  0.2366  94.258      20  2222222
   231.0  19.242  35.116  218.24  0.0475  0.2369  94.249      16  2222222
   232.0  19.226  35.115  218.38  0.0466  0.2365  94.259      13  2222222
   233.0  19.211  35.113  218.23  0.0475  0.2366  94.257      16  2222222
   234.0  19.191  35.110  217.70  0.0554  0.2366  94.257      16  2222222
   235.0  19.128  35.104  217.23  0.0541  0.2368  94.252      21  2222222
   236.0  19.086  35.099  217.99  0.0522  0.2366  94.256      73  2222222
   237.0  19.134  35.101  217.85  0.0527  0.2366  94.257      44  2222222
   238.0  19.005  35.092  219.21  0.0475  0.2364  94.261      20  2222222
   239.0  18.947  35.086  220.27  0.0468  0.2364  94.261      18  2222222
   240.0  18.854  35.079  220.76  0.0467  0.2364  94.261      16  2222222
   241.0  18.784  35.072  220.31  0.0475  0.2364  94.261      18  2222222
   242.0  18.761  35.068  219.94  0.0475  0.2363  94.263      18  2222222
   243.0  18.747  35.065  219.77  0.0508  0.2364  94.262      21  2222222
   244.0  18.725  35.060  219.07  0.0540  0.2363  94.263      30  2222222
   245.0  18.705  35.055  219.44  0.0469  0.2364  94.261      57  2222222
   246.0  18.689  35.051  218.72  0.0471  0.2364  94.260      32  2222222
   247.0  18.671  35.047  218.33  0.0574  0.2369  94.248      22  2222222
   248.0  18.631  35.036  217.84  0.0500  0.2367  94.255      19  2222222
   249.0  18.533  35.017  217.38  0.0467  0.2364  94.261      15  2222222
   250.0  18.466  35.005  217.10  0.0475  0.2366  94.258      20  2222222
   251.0  18.426  34.997  216.74  0.0461  0.2368  94.251      25  2222222
   252.0  18.355  34.985  216.27  0.0526  0.2364  94.262      52  2222222
   253.0  18.253  34.970  216.46  0.0557  0.2364  94.261      38  2222222
   254.0  18.119  34.949  216.17  0.0512  0.2364  94.261      22  2222222
   255.0  18.079  34.939  215.64  0.0584  0.2365  94.260      18  2222222
   256.0  18.052  34.933  214.85  0.0475  0.2365  94.260      17  2222222
   257.0  18.024  34.928  214.37  0.0475  0.2365  94.260      15  2222222
   258.0  17.964  34.916  214.82  0.0475  0.2368  94.252      18  2222222
   259.0  17.879  34.908  215.19  0.0475  0.2370  94.246      21  2222222
   260.0  17.868  34.908  215.35  0.0468  0.2364  94.262      36  2222222
   261.0  17.850  34.905  215.48  0.0465  0.2364  94.260      62  2222222
   262.0  17.794  34.898  215.44  0.0468  0.2359  94.275      33  2222222
   263.0  17.723  34.891  215.65  0.0464  0.2360  94.271      21  2222222
   264.0  17.703  34.890  216.07  0.0468  0.2356  94.280      18  2222222
   265.0  17.658  34.883  216.55  0.0462  0.2358  94.276      18  2222222
   266.0  17.574  34.873  216.52  0.0475  0.2363  94.264      18  2222222
   267.0  17.513  34.867  216.09  0.0469  0.2363  94.265      22  2222222
   268.0  17.501  34.864  215.46  0.0466  0.2361  94.270      26  2222222
   269.0  17.482  34.861  215.81  0.0558  0.2366  94.255      29  2222222
   270.0  17.458  34.857  216.67  0.0499  0.2384  94.213      34  2222222
   271.0  17.419  34.849  215.89  0.0539  0.2362  94.266      36  2222222
   272.0  17.268  34.826  216.10  0.0471  0.2358  94.275      29  2222222
   273.0  17.127  34.810  215.98  0.0470  0.2357  94.279      27  2222222
   274.0  16.953  34.787  215.57  0.0470  0.2362  94.266      24  2222222
   275.0  16.879  34.781  214.96  0.0475  0.2356  94.282      24  2222222
   276.0  16.855  34.775  214.74  0.0470  0.2354  94.286      25  2222222
   277.0  16.824  34.769  214.67  0.0470  0.2354  94.286      27  2222222
   278.0  16.798  34.765  214.61  0.0475  0.2354  94.286      27  2222222
   279.0  16.771  34.760  214.86  0.0471  0.2357  94.278      30  2222222
   280.0  16.720  34.752  214.96  0.0470  0.2360  94.272      26  2222222
   281.0  16.702  34.749  214.60  0.0590  0.2359  94.275      22  2222222
   282.0  16.659  34.742  214.35  0.0485  0.2355  94.283      23  2222222
   283.0  16.592  34.732  214.10  0.0556  0.2355  94.284      24  2222222
   284.0  16.551  34.726  213.62  0.0500  0.2357  94.278      32  2222222
   285.0  16.511  34.720  214.08  0.0539  0.2358  94.276      43  2222222
   286.0  16.465  34.713  214.18  0.0467  0.2354  94.286      32  2222222
   287.0  16.432  34.705  213.34  0.0475  0.2354  94.287      23  2222222
   288.0  16.360  34.694  212.98  0.0475  0.2355  94.282      19  2222222
   289.0  16.290  34.682  212.99  0.0475  0.2356  94.280      17  2222222
   290.0  16.228  34.675  212.98  0.0475  0.2354  94.286      18  2222222
   291.0  16.203  34.672  212.51  0.0465  0.2353  94.289      24  2222222
   292.0  16.179  34.668  211.74  0.0560  0.2349  94.297      34  2222222
   293.0  16.163  34.665  212.79  0.0469  0.2359  94.274      43  2222222
   294.0  16.136  34.659  213.60  0.0470  0.2353  94.288      26  2222222
   295.0  16.078  34.650  212.70  0.0475  0.2352  94.291      24  2222222
   296.0  15.946  34.632  212.51  0.0469  0.2351  94.292      22  2222222
   297.0  15.728  34.609  212.92  0.0465  0.2354  94.286      22  2222222
   298.0  15.628  34.604  212.93  0.0460  0.2354  94.286      23  2222222
   299.0  15.592  34.598  213.06  0.0470  0.2354  94.286      25  2222222
   300.0  15.553  34.592  213.14  0.0472  0.2350  94.296      37  2222222
   301.0  15.541  34.588  212.58  0.0507  0.2346  94.304      39  2222222
   302.0  15.506  34.583  213.42  0.0531  0.2343  94.310      29  2222222
   303.0  15.437  34.573  213.95  0.0469  0.2343  94.310      20  2222222
   304.0  15.382  34.568  213.71  0.0468  0.2343  94.310      18  2222222
   305.0  15.312  34.558  213.29  0.0475  0.2343  94.310      17  2222222
   306.0  15.243  34.554  213.46  0.0467  0.2343  94.310      16  2222222
   307.0  15.175  34.546  214.09  0.0464  0.2348  94.299      21  2222222
   308.0  15.108  34.541  214.06  0.0472  0.2343  94.310      43  2222222
   309.0  15.138  34.541  213.74  0.0473  0.2347  94.301      69  2222222
   310.0  15.085  34.536  213.65  0.0469  0.2346  94.303      22  2222222
   311.0  15.026  34.527  214.23  0.0462  0.2344  94.309      17  2222222
   312.0  14.987  34.525  214.30  0.0475  0.2344  94.309      15  2222222
   313.0  14.966  34.521  213.97  0.0475  0.2348  94.298      14  2222222
   314.0  14.925  34.517  213.86  0.0466  0.2344  94.308      13  2222222
   315.0  14.855  34.508  213.68  0.0475  0.2343  94.310      16  2222222
   316.0  14.697  34.495  213.77  0.0475  0.2343  94.311      26  2222222
   317.0  14.727  34.496  214.25  0.0471  0.2338  94.323      83  2222222
   318.0  14.612  34.484  214.49  0.0470  0.2343  94.311      27  2222222
   319.0  14.541  34.481  214.84  0.0468  0.2337  94.324      18  2222222
   320.0  14.524  34.478  215.05  0.0469  0.2342  94.311      19  2222222
   321.0  14.514  34.477  215.01  0.0475  0.2339  94.320      18  2222222
   322.0  14.488  34.473  214.94  0.0475  0.2337  94.324      19  2222222
   323.0  14.424  34.465  215.16  0.0469  0.2337  94.324      21  2222222
   324.0  14.339  34.461  215.20  0.0471  0.2341  94.316      28  2222222
   325.0  14.303  34.459  215.19  0.0493  0.2333  94.335      46  2222222
   326.0  14.207  34.452  216.39  0.0515  0.2333  94.336      44  2222222
   327.0  14.144  34.448  217.19  0.0475  0.2333  94.334      23  2222222
   328.0  14.138  34.447  217.25  0.0468  0.2336  94.326      18  2222222
   329.0  14.133  34.446  217.47  0.0467  0.2336  94.326      15  2222222
   330.0  14.124  34.445  217.61  0.0467  0.2334  94.331      15  2222222
   331.0  14.117  34.445  217.72  0.0468  0.2337  94.326      17  2222222
   332.0  14.110  34.444  217.62  0.0469  0.2341  94.315      22  2222222
   333.0  14.107  34.444  217.65  0.0461  0.2334  94.331      42  2222222
   334.0  14.107  34.442  217.67  0.0475  0.2333  94.335      63  2222222
   335.0  14.096  34.442  218.30  0.0471  0.2332  94.337      30  2222222
   336.0  14.079  34.439  219.11  0.0469  0.2343  94.310      22  2222222
   337.0  14.020  34.432  219.66  0.0456  0.2338  94.324      18  2222222
   338.0  13.959  34.428  219.70  0.0467  0.2334  94.333      15  2222222
   339.0  13.904  34.422  219.86  0.0460  0.2334  94.333      15  2222222
   340.0  13.770  34.407  220.04  0.0460  0.2333  94.335      15  2222222
   341.0  13.577  34.394  220.27  0.0475  0.2334  94.332      21  2222222
   342.0  13.563  34.393  219.89  0.0465  0.2334  94.332      72  2222222
   343.0  13.505  34.384  220.05  0.0475  0.2333  94.335      27  2222222
   344.0  13.406  34.380  220.49  0.0469  0.2331  94.338      20  2222222
   345.0  13.390  34.378  220.14  0.0462  0.2334  94.333      18  2222222
   346.0  13.383  34.377  219.91  0.0475  0.2334  94.333      19  2222222
   347.0  13.379  34.376  219.79  0.0469  0.2332  94.336      19  2222222
   348.0  13.377  34.375  219.79  0.0471  0.2333  94.335      28  2222222
   349.0  13.374  34.374  220.35  0.0470  0.2329  94.345      50  2222222
   350.0  13.357  34.372  220.74  0.0475  0.2331  94.339      32  2222222
   351.0  13.302  34.366  220.91  0.0470  0.2327  94.350      23  2222222
   352.0  13.253  34.363  221.18  0.0469  0.2332  94.336      20  2222222
   353.0  13.177  34.359  221.57  0.0469  0.2330  94.342      21  2222222
   354.0  13.151  34.358  221.86  0.0470  0.2326  94.352      23  2222222
   355.0  13.126  34.355  222.11  0.0459  0.2325  94.354      22  2222222
   356.0  13.085  34.353  221.36  0.0471  0.2326  94.352      30  2222222
   357.0  13.044  34.350  221.55  0.0466  0.2326  94.353      41  2222222
   358.0  12.988  34.345  222.46  0.0467  0.2324  94.357      29  2222222
   359.0  12.940  34.342  222.66  0.0461  0.2330  94.341      25  2222222
   360.0  12.913  34.340  222.70  0.0464  0.2326  94.351      21  2222222
   361.0  12.859  34.335  223.05  0.0464  0.2325  94.354      20  2222222
   362.0  12.805  34.331  223.02  0.0464  0.2325  94.353      21  2222222
   363.0  12.768  34.330  222.66  0.0470  0.2323  94.358      24  2222222
   364.0  12.728  34.323  222.51  0.0461  0.2321  94.364      41  2222222
   365.0  12.722  34.321  222.34  0.0461  0.2319  94.367      50  2222222
   366.0  12.706  34.322  222.30  0.0466  0.2329  94.345      26  2222222
   367.0  12.671  34.319  222.61  0.0475  0.2327  94.349      19  2222222
   368.0  12.666  34.318  222.69  0.0454  0.2324  94.358      17  2222222
   369.0  12.664  34.318  222.66  0.0475  0.2323  94.359      16  2222222
   370.0  12.660  34.317  222.52  0.0475  0.2323  94.359      16  2222222
   371.0  12.648  34.316  222.23  0.0457  0.2323  94.359      19  2222222
   372.0  12.633  34.314  221.97  0.0465  0.2323  94.360      22  2222222
   373.0  12.614  34.312  221.91  0.0466  0.2320  94.367      66  2222222
   374.0  12.609  34.312  222.43  0.0467  0.2320  94.367      45  2222222
   375.0  12.582  34.309  222.81  0.0453  0.2319  94.368      21  2222222
   376.0  12.553  34.306  222.60  0.0468  0.2319  94.368      18  2222222
   377.0  12.523  34.304  222.44  0.0475  0.2322  94.362      15  2222222
   378.0  12.453  34.297  222.24  0.0468  0.2322  94.360      17  2222222
   379.0  12.374  34.295  221.76  0.0462  0.2317  94.372      17  2222222
   380.0  12.340  34.292  221.19  0.0464  0.2323  94.359      20  2222222
   381.0  12.285  34.289  220.68  0.0462  0.2319  94.367      44  2222222
   382.0  12.303  34.286  220.46  0.0465  0.2313  94.382      58  2222222
   383.0  12.273  34.285  220.71  0.0461  0.2312  94.383      24  2222222
   384.0  12.256  34.284  220.64  0.0469  0.2312  94.383      19  2222222
   385.0  12.244  34.282  220.64  0.0462  0.2312  94.383      17  2222222
   386.0  12.215  34.279  220.34  0.0462  0.2316  94.375      17  2222222
   387.0  12.151  34.275  219.93  0.0468  0.2317  94.373      17  2222222
   388.0  12.121  34.274  219.40  0.0464  0.2319  94.368      21  2222222
   389.0  12.112  34.273  218.84  0.0459  0.2314  94.378      28  2222222
   390.0  12.112  34.271  218.37  0.0458  0.2312  94.384      66  2222222
   391.0  12.105  34.271  219.07  0.0465  0.2312  94.384      32  2222222
   392.0  12.096  34.270  219.00  0.0469  0.2312  94.383      20  2222222
   393.0  12.093  34.269  218.80  0.0460  0.2312  94.383      15  2222222
   394.0  12.077  34.267  218.63  0.0467  0.2313  94.382      15  2222222
   395.0  12.040  34.264  218.30  0.0475  0.2312  94.383      17  2222222
   396.0  12.005  34.263  217.88  0.0464  0.2312  94.383      21  2222222
   397.0  11.980  34.262  217.64  0.0461  0.2312  94.383      33  2222222
   398.0  11.973  34.261  217.71  0.0462  0.2311  94.385      51  2222222
   399.0  11.930  34.256  217.42  0.0452  0.2308  94.393      31  2222222
   400.0  11.832  34.252  216.26  0.0454  0.2312  94.383      22  2222222
   401.0  11.810  34.251  215.82  0.0445  0.2312  94.383      19  2222222
   402.0  11.751  34.246  215.94  0.0464  0.2316  94.375      20  2222222
   403.0  11.708  34.247  216.00  0.0448  0.2312  94.383      22  2222222
   404.0  11.699  34.245  215.62  0.0461  0.2312  94.384      25  2222222
   405.0  11.695  34.245  214.95  0.0457  0.2312  94.384      38  2222222
   406.0  11.689  34.244  215.23  0.0462  0.2310  94.387      36  2222222
   407.0  11.683  34.243  215.42  0.0447  0.2312  94.383      29  2222222
   408.0  11.676  34.242  215.85  0.0465  0.2306  94.398      24  2222222
   409.0  11.668  34.242  215.87  0.0446  0.2309  94.391      20  2222222
   410.0  11.657  34.241  215.76  0.0450  0.2311  94.385      19  2222222
   411.0  11.614  34.238  215.73  0.0448  0.2311  94.387      22  2222222
   412.0  11.517  34.232  215.40  0.0470  0.2312  94.383      23  2222222
   413.0  11.419  34.229  214.59  0.0464  0.2312  94.383      31  2222222
   414.0  11.368  34.226  213.90  0.0464  0.2310  94.388      49  2222222
   415.0  11.326  34.222  209.24  0.0458  0.2311  94.386      34  2222222
   416.0  11.253  34.216  210.08  0.0446  0.2309  94.391      20  2222222
   417.0  11.205  34.214  210.87  0.0475  0.2311  94.386      17  2222222
   421.0  11.112  34.207  210.61  0.0462  0.2312  94.383      17  2222222
   422.0  11.094  34.205  210.59  0.0467  0.2310  94.389      46  2222222
   423.0  11.082  34.204  210.45  0.0465  0.2307  94.396      43  2222222
   424.0  11.071  34.203  209.97  0.0445  0.2304  94.402      27  2222222
   425.0  11.050  34.201  210.09  0.0447  0.2304  94.403      21  2222222
   426.0  11.000  34.197  210.07  0.0450  0.2309  94.390      19  2222222
   427.0  10.949  34.196  209.36  0.0450  0.2309  94.391      19  2222222
   428.0  10.920  34.194  208.63  0.0460  0.2312  94.383      23  2222222
   429.0  10.868  34.191  208.18  0.0447  0.2312  94.383      33  2222222
   430.0  10.796  34.188  208.25  0.0452  0.2309  94.390      40  2222222
   431.0  10.720  34.183  208.10  0.0448  0.2308  94.393      26  2222222
   432.0  10.644  34.180  207.21  0.0454  0.2312  94.383      22  2222222
   433.0  10.584  34.175  206.31  0.0450  0.2311  94.385      19  2222222
   434.0  10.500  34.173  205.85  0.0462  0.2309  94.391      17  2222222
   435.0  10.444  34.172  205.01  0.0459  0.2312  94.383      21  2222222
   436.0  10.422  34.170  204.44  0.0576  0.2313  94.381      24  2222222
   437.0  10.399  34.168  204.11  0.0465  0.2312  94.383      36  2222222
   438.0  10.395  34.167  203.87  0.0444  0.2311  94.386      55  2222222
   439.0  10.387  34.166  204.61  0.0446  0.2311  94.385      28  2222222
   440.0  10.373  34.164  204.85  0.0512  0.2312  94.383      22  2222222
   441.0  10.364  34.164  204.83  0.0573  0.2312  94.383      20  2222222
   442.0  10.328  34.161  205.00  0.0573  0.2312  94.383      20  2222222
   443.0  10.295  34.161  204.77  0.0464  0.2313  94.382      21  2222222
   444.0  10.288  34.160  204.07  0.0440  0.2313  94.381      20  2222222
   445.0  10.273  34.159  203.58  0.0515  0.2312  94.383      23  2222222
   446.0  10.255  34.159  203.47  0.0514  0.2316  94.373      27  2222222
   447.0  10.249  34.158  203.42  0.0475  0.2313  94.382      52  2222222
   448.0  10.240  34.157  203.26  0.0482  0.2310  94.389      33  2222222
   449.0  10.235  34.156  203.08  0.0445  0.2312  94.382      23  2222222
   450.0  10.228  34.155  202.93  0.0456  0.2312  94.383      18  2222222
   451.0  10.221  34.155  202.85  0.0453  0.2312  94.383      16  2222222
   452.0  10.202  34.153  202.88  0.0445  0.2318  94.371      19  2222222
   453.0  10.146  34.151  202.98  0.0452  0.2319  94.369      25  2222222
   454.0  10.126  34.151  202.04  0.0435  0.2312  94.382      47  2222222
   455.0  10.113  34.149  201.64  0.0457  0.2312  94.383      39  2222222
   456.0  10.058  34.144  201.45  0.0450  0.2312  94.383      28  2222222
   457.0   9.991  34.142  200.03  0.0429  0.2312  94.383      20  2222222
   458.0   9.967  34.140  199.01  0.0469  0.2312  94.383      19  2222222
   459.0   9.908  34.137  198.43  0.0447  0.2312  94.383      17  2222222
   460.0   9.886  34.137  197.34  0.0487  0.2313  94.381      19  2222222
   461.0   9.864  34.136  196.79  0.0585  0.2312  94.383      22  2222222
   462.0   9.856  34.135  197.30  0.0541  0.2312  94.383      35  2222222
   463.0   9.853  34.135  197.59  0.0462  0.2309  94.391      43  2222222
   464.0   9.843  34.133  197.50  0.0578  0.2311  94.385      29  2222222
   465.0   9.816  34.131  197.00  0.0553  0.2311  94.386      22  2222222
   466.0   9.767  34.130  196.64  0.0454  0.2312  94.383      22  2222222
   467.0   9.751  34.129  195.97  0.0586  0.2312  94.383      24  2222222
   468.0   9.741  34.128  195.48  0.0451  0.2311  94.385      29  2222222
   469.0   9.712  34.127  194.99  0.0453  0.2311  94.385      37  2222222
   470.0   9.688  34.125  195.04  0.0536  0.2312  94.384      32  2222222
   471.0   9.672  34.124  194.69  0.0444  0.2307  94.395      22  2222222
   472.0   9.657  34.123  194.34  0.0512  0.2310  94.387      19  2222222
   473.0   9.611  34.121  193.91  0.0552  0.2312  94.383      18  2222222
   474.0   9.587  34.120  193.17  0.0454  0.2310  94.389      17  2222222
   475.0   9.564  34.120  192.18  0.0444  0.2312  94.383      22  2222222
   476.0   9.549  34.119  191.81  0.0444  0.2312  94.384      30  2222222
   477.0   9.536  34.116  191.67  0.0561  0.2309  94.390      63  2222222
   478.0   9.521  34.116  191.40  0.0517  0.2304  94.403      38  2222222
   479.0   9.502  34.116  191.76  0.0498  0.2310  94.387      20  2222222
   480.0   9.493  34.115  191.56  0.0502  0.2306  94.398      17  2222222
   481.0   9.483  34.114  191.10  0.0590  0.2310  94.388      15  2222222
   482.0   9.475  34.114  190.76  0.0583  0.2311  94.385      16  2222222
   483.0   9.443  34.112  190.64  0.0590  0.2312  94.383      16  2222222
   484.0   9.410  34.111  190.21  0.0574  0.2312  94.383      21  2222222
   485.0   9.388  34.110  188.96  0.0535  0.2309  94.392      42  2222222
   486.0   9.398  34.109  189.50  0.0485  0.2310  94.389      75  2222222
   487.0   9.319  34.104  188.82  0.0493  0.2310  94.387      19  2222222
   488.0   9.252  34.104  188.23  0.0576  0.2310  94.388      16  2222222
   489.0   9.238  34.104  187.68  0.0566  0.2310  94.389      14  2222222
   490.0   9.231  34.103  187.25  0.0582  0.2310  94.387      13  2222222
   491.0   9.222  34.102  186.66  0.0575  0.2312  94.383      15  2222222
   492.0   9.211  34.101  186.19  0.0576  0.2320  94.367      16  2222222
   493.0   9.180  34.100  185.80  0.0574  0.2314  94.380      22  2222222
   494.0   9.206  34.100  186.04  0.0520  0.2309  94.390     116  2222222
   495.0   9.184  34.097  186.28  0.0506  0.2306  94.398      22  2222222
   496.0   9.098  34.096  185.51  0.0453  0.2309  94.391      16  2222222
   497.0   9.074  34.095  184.66  0.0590  0.2311  94.385      15  2222222
   498.0   9.061  34.095  183.72  0.0584  0.2310  94.389      17  2222222
   499.0   9.064  34.092  183.50  0.0578  0.2304  94.403     235  2222222
   500.0   9.071  34.092  183.45  0.0565  0.2305  94.400     424  2222222
   501.0   9.050  34.091  183.07  0.0546  0.2305  94.400     343  2222222
   502.0   9.014  34.087  181.94  0.0590  0.2302  94.408       3  2222222
